0 -76.098
10 -75.8633
20 -75.6297
30 -75.3974
40 -75.1662
50 -74.9363
60 -74.7077
70 -74.4804
80 -74.2544
90 -74.0299
100 -73.8067
110 -73.585
120 -73.3647
130 -73.146
140 -72.9288
150 -72.7132
160 -72.4992
170 -72.2869
180 -72.0763
190 -71.8674
200 -71.6603
210 -71.455
220 -71.2515
230 -71.05
240 -70.8504
250 -70.6528
260 -70.4572
270 -70.2637
280 -70.0723
290 -69.8831
300 -69.6961
310 -69.5114
320 -69.329
330 -69.1489
340 -68.9713
350 -68.7962
360 -68.6236
370 -68.4536
380 -68.2863
390 -68.1217
400 -67.9598
410 -67.8008
420 -67.6446
430 -67.4915
440 -67.3413
450 -67.1943
460 -67.0504
470 -66.9097
480 -66.7724
490 -66.6384
500 -66.5079
510 -66.381
520 -66.2576
530 -66.138
540 -66.0221
550 -65.9101
560 -65.8021
570 -65.698
580 -65.5982
590 -65.5025
600 -65.4112
610 -65.3243
620 -65.2419
630 -65.1641
640 -65.0911
650 -65.0229
660 -64.9596
670 -64.9014
680 -64.8484
690 -64.8006
700 -64.7582
710 -64.7214
720 -64.6902
730 -64.6648
740 -64.6453
750 -64.6318
760 -64.6245
770 -64.6234
780 -64.6289
790 -64.6409
800 -64.6596
810 -64.6852
820 -64.7179
830 -64.7577
840 -64.8048
850 -64.8595
860 -64.9218
870 -64.9919
880 -65.0699
890 -65.1561
900 -65.2506
910 -65.3535
920 -65.4651
930 -65.5855
940 -65.7149
950 -65.8534
960 -66.0012
970 -66.1585
980 -66.3255
990 -66.5023
1000 -66.6891
1010 -66.8861
1020 -67.0934
1030 -67.3112
1040 -67.5397
1050 -67.779
1060 -68.0292
1070 -68.2905
1080 -68.5631
1090 -68.8471
1100 -69.1426
1110 -69.4497
1120 -69.7685
1130 -70.0992
1140 -70.4418
1150 -70.7964
1160 -71.163
1170 -71.5418
1180 -71.9327
1190 -72.3357
1200 -72.7509
1210 -73.1782
1220 -73.6176
1230 -74.069
1240 -74.5324
1250 -75.0076
1260 -75.4944
1270 -75.9929
1280 -76.5027
1290 -77.0236
1300 -77.5555
1310 -78.098
1320 -78.6509
1330 -79.2138
1340 -79.7864
1350 -80.3683
1360 -80.9591
1370 -81.5584
1380 -82.1657
1390 -82.7805
1400 -83.4023
1410 -84.0306
1420 -84.6648
1430 -85.3043
1440 -85.9485
1450 -86.5968
1460 -87.2485
1470 -87.9031
1480 -88.5598
1490 -89.218
1500 -89.877
1510 -90.5361
1520 -91.1946
1530 -91.852
1540 -92.5074
1550 -93.1603
1560 -93.81
1570 -94.4558
1580 -95.0971
1590 -95.7333
1600 -96.3638
1610 -96.9881
1620 -97.6056
1630 -98.2158
1640 -98.8181
1650 -99.4121
1660 -99.9974
1670 -100.574
1680 -101.14
1690 -101.697
1700 -102.243
1710 -102.779
1720 -103.304
1730 -103.818
1740 -104.321
1750 -104.812
1760 -105.292
1770 -105.759
1780 -106.215
1790 -106.659
1800 -107.091
1810 -107.511
1820 -107.918
1830 -108.314
1840 -108.697
1850 -109.068
1860 -109.427
1870 -109.774
1880 -110.109
1890 -110.433
1900 -110.744
1910 -111.044
1920 -111.332
1930 -111.609
1940 -111.875
1950 -112.129
1960 -112.372
1970 -112.605
1980 -112.826
1990 -113.038
2000 -113.239
2010 -113.429
2020 -113.61
2030 -113.78
2040 -113.941
2050 -114.093
2060 -114.234
2070 -114.367
2080 -114.491
2090 -114.606
2100 -114.712
2110 -114.81
2120 -114.899
2130 -114.98
2140 -115.053
2150 -115.118
2160 -115.176
2170 -115.226
2180 -115.268
2190 -115.303
2200 -115.332
2210 -115.353
2220 -115.367
2230 -115.375
2240 -115.377
2250 -115.372
2260 -115.36
2270 -115.343
2280 -115.32
2290 -115.291
2300 -115.256
2310 -115.216
2320 -115.17
2330 -115.119
2340 -115.063
2350 -115.001
2360 -114.935
2370 -114.864
2380 -114.788
2390 -114.707
2400 -114.622
2410 -114.532
2420 -114.438
2430 -114.34
2440 -114.237
2450 -114.131
2460 -114.02
2470 -113.906
2480 -113.787
2490 -113.666
2500 -113.54
2510 -113.411
2520 -113.278
2530 -113.142
2540 -113.003
2550 -112.86
2560 -112.714
2570 -112.565
2580 -112.413
2590 -112.258
2600 -112.1
2610 -111.939
2620 -111.775
2630 -111.609
2640 -111.44
2650 -111.269
2660 -111.094
2670 -110.918
2680 -110.739
2690 -110.557
2700 -110.373
2710 -110.187
2720 -109.999
2730 -109.808
2740 -109.615
2750 -109.42
2760 -109.224
2770 -109.025
2780 -108.824
2790 -108.621
2800 -108.417
2810 -108.21
2820 -108.002
2830 -107.792
2840 -107.58
2850 -107.367
2860 -107.152
2870 -106.935
2880 -106.717
2890 -106.497
2900 -106.276
2910 -106.054
2920 -105.83
2930 -105.604
2940 -105.377
2950 -105.149
2960 -104.92
2970 -104.689
2980 -104.457
2990 -104.224
3000 -103.99
3010 -103.754
3020 -103.518
3030 -103.28
3040 -103.041
3050 -102.802
3060 -102.561
3070 -102.319
3080 -102.076
3090 -101.833
3100 -101.588
3110 -101.343
3120 -101.097
3130 -100.849
3140 -100.602
3150 -100.353
3160 -100.103
3170 -99.8531
3180 -99.6022
3190 -99.3505
3200 -99.0982
3210 -98.8453
3220 -98.5917
3230 -98.3375
3240 -98.0827
3250 -97.8273
3260 -97.5714
3270 -97.3149
3280 -97.058
3290 -96.8005
3300 -96.5426
3310 -96.2842
3320 -96.0254
3330 -95.7662
3340 -95.5066
3350 -95.2466
3360 -94.9863
3370 -94.7256
3380 -94.4646
3390 -94.2034
3400 -93.9418
3410 -93.6799
3420 -93.4179
3430 -93.1555
3440 -92.893
3450 -92.6303
3460 -92.3674
3470 -92.1044
3480 -91.8412
3490 -91.5779
3500 -91.3145
3510 -91.051
3520 -90.7874
3530 -90.5238
3540 -90.2602
3550 -89.9965
3560 -89.7328
3570 -89.4692
3580 -89.2055
3590 -88.942
3600 -88.6785
3610 -88.4151
3620 -88.1518
3630 -87.8886
3640 -87.6256
3650 -87.3627
3660 -87.1
3670 -86.8375
3680 -86.5752
3690 -86.3131
3700 -86.0512
3710 -85.7897
3720 -85.5284
3730 -85.2674
3740 -85.0067
3750 -84.7464
3760 -84.4865
3770 -84.2269
3780 -83.9677
3790 -83.7089
3800 -83.4505
3810 -83.1926
3820 -82.9352
3830 -82.6782
3840 -82.4218
3850 -82.1659
3860 -81.9105
3870 -81.6557
3880 -81.4016
3890 -81.148
3900 -80.895
3910 -80.6427
3920 -80.3911
3930 -80.1402
3940 -79.89
3950 -79.6405
3960 -79.3919
3970 -79.144
3980 -78.8969
3990 -78.6506
4000 -78.4052
4010 -78.1607
4020 -77.9171
4030 -77.6744
4040 -77.4327
4050 -77.192
4060 -76.9522
4070 -76.7136
4080 -76.4759
4090 -76.2394
