0.404724 0.00653076 0.0581055 0.912598
0.404724 0.00653076 0.0581055 0.912598
0.404907 0.00640869 0.0581055 0.912476
0.404907 0.00640869 0.0581055 0.912476
0.404907 0.00640869 0.0581055 0.912476
0.404907 0.00640869 0.0581055 0.912476
0.404907 0.00640869 0.0581055 0.912476
0.404785 0.00634766 0.0582275 0.912537
0.404785 0.00634766 0.0582275 0.912537
0.404968 0.00634766 0.0582275 0.912476
0.404968 0.00634766 0.0582275 0.912476
0.404785 0.00616455 0.0582886 0.912537
0.404907 0.00646973 0.0582886 0.912476
0.404907 0.00646973 0.0582886 0.912476
0.404907 0.00646973 0.0582886 0.912476
0.404541 0.00640869 0.0581665 0.912659
0.404541 0.00640869 0.0581665 0.912659
0.404846 0.00646973 0.0583496 0.912476
0.404846 0.00646973 0.0583496 0.912476
0.40448 0.00665283 0.0582886 0.912659
0.40448 0.00665283 0.0582886 0.912659
0.404602 0.00653076 0.0584717 0.912598
0.404602 0.00653076 0.0584717 0.912598
0.404663 0.00622559 0.0585938 0.912598
0.404663 0.00622559 0.0585938 0.912598
0.404663 0.00634766 0.0582275 0.912598
0.404663 0.00634766 0.0582275 0.912598
0.403503 0.00628662 0.0583496 0.913086
0.403503 0.00628662 0.0583496 0.913086
0.403503 0.00628662 0.0583496 0.913086
0.404053 0.00640869 0.0582275 0.912842
0.404236 0.00646973 0.0581665 0.912781
0.404236 0.00646973 0.0581665 0.912781
0.404236 0.00646973 0.0581665 0.912781
0.404236 0.00622559 0.0582886 0.912781
0.404236 0.00622559 0.0582886 0.912781
0.404236 0.00622559 0.0582886 0.912781
0.404297 0.00640869 0.0582275 0.912781
0.404297 0.00640869 0.0582275 0.912781
0.404175 0.00628662 0.0582886 0.912781
0.404175 0.00628662 0.0582886 0.912781
0.404358 0.00640869 0.0583496 0.91272
0.403992 0.00640869 0.0582275 0.912903
0.403992 0.00640869 0.0582275 0.912903
0.404358 0.00634766 0.0584106 0.91272
0.404358 0.00634766 0.0584106 0.91272
0.404175 0.00640869 0.0584106 0.912781
0.404175 0.00640869 0.0584106 0.912781
0.404358 0.00616455 0.0585327 0.91272
0.404358 0.00616455 0.0585327 0.91272
0.406494 0.00592041 0.0584717 0.911743
0.406494 0.00592041 0.0584717 0.911743
0.407227 0.00579834 0.0582275 0.911438
0.407227 0.00579834 0.0582275 0.911438
0.408813 0.00549316 0.0582886 0.910706
0.408813 0.00549316 0.0582886 0.910706
0.408813 0.00549316 0.0582886 0.910706
0.410767 0.00567627 0.0582886 0.909851
0.410767 0.00567627 0.0582886 0.909851
0.410767 0.00567627 0.0582886 0.909851
0.412109 0.00531006 0.0582275 0.909241
0.414124 0.00518799 0.0583496 0.908325
0.414124 0.00518799 0.0583496 0.908325
0.414124 0.00518799 0.0583496 0.908325
0.415344 0.00488281 0.0580444 0.907776
0.415344 0.00488281 0.0580444 0.907776
0.417358 0.00469971 0.0581055 0.90686
0.420288 0.0045166 0.0579224 0.905518
0.420288 0.0045166 0.0579224 0.905518
0.421753 0.0043335 0.0579224 0.904846
0.424316 0.00427246 0.0579834 0.903625
0.424316 0.00427246 0.0579834 0.903625
0.426147 0.00390625 0.0580444 0.902771
0.426147 0.00390625 0.0580444 0.902771
0.428894 0.00341797 0.0580444 0.901489
0.428894 0.00341797 0.0580444 0.901489
0.428894 0.00341797 0.0580444 0.901489
0.432373 0.0032959 0.0576172 0.899841
0.432373 0.0032959 0.0576172 0.899841
0.432373 0.0032959 0.0576172 0.899841
0.433472 0.00292969 0.0576172 0.899353
0.435608 0.00317383 0.0577393 0.898254
0.435608 0.00317383 0.0577393 0.898254
0.438293 0.00286865 0.0575562 0.896973
0.440369 0.00262451 0.0577393 0.895935
0.440369 0.00262451 0.0577393 0.895935
0.440369 0.00262451 0.0577393 0.895935
0.442871 0.00238037 0.0574951 0.894714
0.445129 0.00219727 0.0574951 0.893616
0.445129 0.00219727 0.0574951 0.893616
0.44751 0.00219727 0.0574341 0.892395
0.44751 0.00219727 0.0574341 0.892395
0.449158 0.00213623 0.0574341 0.891602
0.449158 0.00213623 0.0574341 0.891602
0.452393 0.00189209 0.0571899 0.890015
0.452393 0.00189209 0.0571899 0.890015
0.453613 0.00164795 0.057373 0.889343
0.453613 0.00164795 0.057373 0.889343
0.455444 0.00140381 0.057251 0.888428
0.455444 0.00140381 0.057251 0.888428
0.458923 0.00128174 0.0571899 0.886658
0.458923 0.00128174 0.0571899 0.886658
0.46167 0.00109863 0.0568848 0.885254
0.46167 0.00109863 0.0568848 0.885254
0.463135 0.000976562 0.0568848 0.88446
0.465332 0.000915527 0.0565796 0.883301
0.467957 0.000610352 0.0567017 0.881958
0.467957 0.000610352 0.0567017 0.881958
0.470581 0.000427246 0.0565796 0.880554
0.471802 0.000366211 0.0565796 0.879883
0.472229 0.000244141 0.0567017 0.879639
0.472961 0.00012207 0.0566406 0.879272
0.472961 0.00012207 0.0566406 0.879272
0.47345 0.00012207 0.0567017 0.879028
0.47345 0.00012207 0.0567017 0.879028
0.473572 0.000488281 0.0566406 0.878906
0.473572 0.000488281 0.0566406 0.878906
0.473938 0.000305176 0.0565186 0.878723
0.473938 0.000305176 0.0565186 0.878723
0.477112 -6.10352e-05 0.0562744 0.877014
0.478577 -0.000305176 0.0562134 0.876282
0.478943 -0.000305176 0.0561523 0.876038
0.479248 6.10352e-05 0.0563965 0.875854
0.479248 6.10352e-05 0.0563965 0.875854
0.479248 6.10352e-05 0.0563965 0.875854
0.479248 0 0.0563354 0.875854
0.479858 -0.000183105 0.0563354 0.875549
0.479858 -0.000183105 0.0563354 0.875549
0.480225 -0.000427246 0.0561523 0.875366
0.480225 -0.000427246 0.0561523 0.875366
0.480164 -0.000549316 0.0561523 0.875427
0.480164 -0.000549316 0.0561523 0.875427
0.480835 -0.000427246 0.0561523 0.875
0.48114 -0.000427246 0.0562134 0.874817
0.48114 -0.000427246 0.0562134 0.874817
0.481689 -0.000427246 0.0562744 0.874573
0.481689 -0.000427246 0.0562744 0.874573
0.481567 -0.000671387 0.0563354 0.874573
0.481873 -0.000915527 0.0563354 0.87439
0.481873 -0.000915527 0.0563354 0.87439
0.484253 -0.000854492 0.0560303 0.873108
0.484253 -0.000854492 0.0560303 0.873108
0.485474 -0.00115967 0.0559082 0.872498
0.485474 -0.00115967 0.0559082 0.872498
0.486572 -0.0010376 0.0559692 0.871826
0.486572 -0.0010376 0.0559692 0.871826
0.487976 -0.000976562 0.0558472 0.871033
0.48999 -0.00146484 0.0559082 0.869934
0.48999 -0.00146484 0.0559082 0.869934
0.493042 -0.00170898 0.0557861 0.868225
0.493042 -0.00170898 0.0557861 0.868225
0.496826 -0.00213623 0.055481 0.866089
0.496826 -0.00213623 0.055481 0.866089
0.500916 -0.0022583 0.055481 0.863708
0.500916 -0.0022583 0.055481 0.863708
0.504639 -0.00231934 0.055481 0.861511
0.504639 -0.00231934 0.055481 0.861511
0.509521 -0.00250244 0.0552368 0.858704
0.509521 -0.00250244 0.0552368 0.858704
0.513916 -0.00292969 0.0552979 0.856079
0.513916 -0.00292969 0.0552979 0.856079
0.516357 -0.00335693 0.0552979 0.854614
0.516357 -0.00335693 0.0552979 0.854614
0.520813 -0.00366211 0.0551147 0.851868
0.520813 -0.00366211 0.0551147 0.851868
0.526733 -0.00439453 0.0545044 0.848267
0.526733 -0.00439453 0.0545044 0.848267
0.526733 -0.00439453 0.0545044 0.848267
0.536072 -0.00537109 0.053894 0.842407
0.536072 -0.00537109 0.053894 0.842407
0.54248 -0.00592041 0.0535889 0.838318
0.54248 -0.00592041 0.0535889 0.838318
0.54248 -0.00592041 0.0535889 0.838318
0.548584 -0.00628662 0.0534668 0.834351
0.548584 -0.00628662 0.0534668 0.834351
0.554565 -0.00671387 0.0531616 0.830444
0.554565 -0.00671387 0.0531616 0.830444
0.554565 -0.00671387 0.0531616 0.830444
0.560425 -0.00720215 0.0532227 0.826477
0.560425 -0.00720215 0.0532227 0.826477
0.565125 -0.00744629 0.0529785 0.823303
0.569275 -0.00787354 0.0527344 0.820435
0.569275 -0.00787354 0.0527344 0.820435
0.574585 -0.00836182 0.0526733 0.816711
0.574585 -0.00836182 0.0526733 0.816711
0.574585 -0.00836182 0.0526733 0.816711
0.580627 -0.00915527 0.0521851 0.812439
0.580627 -0.00915527 0.0521851 0.812439
0.587769 -0.00970459 0.0518188 0.807312
0.587769 -0.00970459 0.0518188 0.807312
0.59198 -0.0101318 0.0517578 0.804199
0.59198 -0.0101318 0.0517578 0.804199
0.596558 -0.010437 0.0514526 0.800842
0.603027 -0.0108643 0.0512085 0.796021
0.603027 -0.0108643 0.0512085 0.796021
0.609009 -0.0115967 0.0511475 0.791443
0.609009 -0.0115967 0.0511475 0.791443
0.609009 -0.0115967 0.0511475 0.791443
0.614014 -0.0117188 0.0509033 0.787537
0.614014 -0.0117188 0.0509033 0.787537
0.619263 -0.012207 0.0504761 0.783447
0.619263 -0.012207 0.0504761 0.783447
0.625 -0.0127563 0.050354 0.77887
0.625 -0.0127563 0.050354 0.77887
0.630676 -0.0134277 0.0499268 0.774353
0.636475 -0.0139771 0.0496826 0.769592
0.642883 -0.0145264 0.0494385 0.764282
0.642883 -0.0145264 0.0494385 0.764282
0.648682 -0.0147705 0.0487671 0.759338
0.648682 -0.0147705 0.0487671 0.759338
0.654541 -0.0151367 0.0480957 0.754333
0.654541 -0.0151367 0.0480957 0.754333
0.661377 -0.0158691 0.0472412 0.748413
0.661377 -0.0158691 0.0472412 0.748413
0.664185 -0.0164795 0.0469971 0.745911
0.664185 -0.0164795 0.0469971 0.745911
0.670471 -0.0170288 0.0466919 0.740234
0.670471 -0.0170288 0.0466919 0.740234
0.677856 -0.0179443 0.0463257 0.733521
0.677856 -0.0179443 0.0463257 0.733521
0.682983 -0.0182495 0.0460205 0.72876
0.682983 -0.0182495 0.0460205 0.72876
0.688599 -0.0186768 0.0455322 0.72345
0.688599 -0.0186768 0.0455322 0.72345
0.695068 -0.0194092 0.045166 0.717285
0.700745 -0.0199585 0.0447998 0.711731
0.700745 -0.0199585 0.0447998 0.711731
0.706421 -0.0205688 0.0443726 0.706116
0.712708 -0.0211792 0.0443726 0.699768
0.712708 -0.0211792 0.0443726 0.699768
0.718872 -0.0216064 0.0440063 0.69342
0.725403 -0.0222778 0.0437012 0.686584
0.725403 -0.0222778 0.0437012 0.686584
0.732483 -0.0230103 0.0432739 0.679016
0.732483 -0.0230103 0.0432739 0.679016
0.736694 -0.0237427 0.0424805 0.674438
0.742981 -0.024231 0.041748 0.667542
0.742981 -0.024231 0.041748 0.667542
0.742981 -0.024231 0.041748 0.667542
0.755615 -0.0258179 0.0401001 0.653259
0.755615 -0.0258179 0.0401001 0.653259
0.760803 -0.0263672 0.0394287 0.647278
0.766479 -0.0273438 0.0388184 0.640503
0.766479 -0.0273438 0.0388184 0.640503
0.772461 -0.0280762 0.0384521 0.63324
0.772461 -0.0280762 0.0384521 0.63324
0.777161 -0.0286255 0.0380859 0.627502
0.782715 -0.0289917 0.0377808 0.620605
0.787903 -0.029541 0.0374756 0.613892
0.787903 -0.029541 0.0374756 0.613892
0.792236 -0.0300293 0.0371094 0.608337
0.792236 -0.0300293 0.0371094 0.608337
0.797852 -0.0308228 0.0366821 0.600952
0.797852 -0.0308228 0.0366821 0.600952
0.797852 -0.0308228 0.0366821 0.600952
0.802124 -0.0315552 0.0363159 0.595215
0.802124 -0.0315552 0.0363159 0.595215
0.802124 -0.0315552 0.0363159 0.595215
0.805908 -0.0314331 0.0361938 0.590088
0.812622 -0.0317993 0.0356445 0.580872
0.812622 -0.0317993 0.0356445 0.580872
0.812622 -0.0317993 0.0356445 0.580872
0.818237 -0.0324707 0.0354614 0.572815
0.82251 -0.0328979 0.0351562 0.566711
0.827698 -0.0339355 0.0346069 0.559082
0.833679 -0.0350342 0.0338745 0.550049
0.838074 -0.0356445 0.0330811 0.543396
0.842224 -0.0358887 0.0323486 0.536926
0.842224 -0.0358887 0.0323486 0.536926
0.847534 -0.036438 0.0317383 0.528503
0.851746 -0.0367432 0.0315552 0.521667
0.851746 -0.0367432 0.0315552 0.521667
0.851746 -0.0367432 0.0315552 0.521667
0.855896 -0.0371094 0.0311279 0.514893
0.861511 -0.038269 0.0307007 0.505432
0.86377 -0.0383301 0.0302734 0.501526
0.86377 -0.0383301 0.0302734 0.501526
0.868042 -0.038208 0.0302124 0.49408
0.868042 -0.038208 0.0302124 0.49408
0.874634 -0.0390625 0.0299072 0.482239
0.874634 -0.0390625 0.0299072 0.482239
0.878479 -0.0393066 0.0300903 0.475281
0.878479 -0.0393066 0.0300903 0.475281
0.878479 -0.0393066 0.0300903 0.475281
0.881104 -0.0394287 0.0298462 0.470337
0.881104 -0.0394287 0.0298462 0.470337
0.885254 -0.0401001 0.0292969 0.462402
0.885254 -0.0401001 0.0292969 0.462402
0.892029 -0.0407104 0.0280762 0.44928
0.892029 -0.0407104 0.0280762 0.44928
0.896545 -0.0411377 0.0274048 0.440247
0.896545 -0.0411377 0.0274048 0.440247
0.900269 -0.0415649 0.0269775 0.432556
0.900269 -0.0415649 0.0269775 0.432556
0.903015 -0.0415649 0.0267334 0.426758
0.903015 -0.0415649 0.0267334 0.426758
0.906555 -0.0421143 0.0263062 0.419189
0.906555 -0.0421143 0.0263062 0.419189
0.911316 -0.0432129 0.026123 0.408569
0.913391 -0.0432129 0.0259399 0.403931
0.913391 -0.0432129 0.0259399 0.403931
0.917603 -0.0438232 0.0253906 0.394287
0.917603 -0.0438232 0.0253906 0.394287
0.922302 -0.045105 0.0244141 0.383057
0.922302 -0.045105 0.0244141 0.383057
0.924927 -0.0454102 0.0236816 0.376709
0.924927 -0.0454102 0.0236816 0.376709
0.927979 -0.0458374 0.0232544 0.369141
0.927979 -0.0458374 0.0232544 0.369141
0.932312 -0.046875 0.0229492 0.35791
0.935181 -0.0473633 0.0224609 0.35022
0.935181 -0.0473633 0.0224609 0.35022
0.935181 -0.0473633 0.0224609 0.35022
0.937134 -0.0475464 0.0220337 0.345032
0.940186 -0.0479126 0.0214844 0.336609
0.940186 -0.0479126 0.0214844 0.336609
0.942749 -0.0478516 0.0211792 0.329346
0.942749 -0.0478516 0.0211792 0.329346
0.945312 -0.0482178 0.020813 0.321899
0.945312 -0.0482178 0.020813 0.321899
0.945312 -0.0482178 0.020813 0.321899
0.947754 -0.048584 0.0206299 0.314636
0.949646 -0.0492554 0.0202026 0.308716
0.949646 -0.0492554 0.0202026 0.308716
0.951111 -0.0491333 0.0201416 0.30426
0.954102 -0.0497437 0.0198364 0.294739
0.954102 -0.0497437 0.0198364 0.294739
0.954102 -0.0497437 0.0198364 0.294739
0.956299 -0.0497437 0.0194092 0.287537
0.956299 -0.0497437 0.0194092 0.287537
0.956299 -0.0497437 0.0194092 0.287537
0.957886 -0.0499268 0.019104 0.282104
0.957886 -0.0499268 0.019104 0.282104
0.960144 -0.0502319 0.0187988 0.274414
0.960144 -0.0502319 0.0187988 0.274414
0.96228 -0.0506592 0.0181885 0.266663
0.964111 -0.0513306 0.0178223 0.259827
0.964111 -0.0513306 0.0178223 0.259827
0.964111 -0.0513306 0.0178223 0.259827
0.964111 -0.0513306 0.0178223 0.259827
0.966309 -0.052124 0.0169067 0.251404
0.966309 -0.052124 0.0169067 0.251404
0.966309 -0.052124 0.0169067 0.251404
0.968018 -0.0526123 0.0161743 0.244812
0.969482 -0.0526733 0.015564 0.239014
0.969482 -0.0526733 0.015564 0.239014
0.969482 -0.0526733 0.015564 0.239014
0.971619 -0.0529175 0.0150757 0.230103
0.971619 -0.0529175 0.0150757 0.230103
0.971619 -0.0529175 0.0150757 0.230103
0.971619 -0.0529175 0.0150757 0.230103
0.97406 -0.0535889 0.0147705 0.21936
0.97406 -0.0535889 0.0147705 0.21936
0.97406 -0.0535889 0.0147705 0.21936
0.97406 -0.0535889 0.0147705 0.21936
0.97406 -0.0535889 0.0147705 0.21936
0.975159 -0.0532837 0.0145264 0.2146
0.975159 -0.0532837 0.0145264 0.2146
0.976929 -0.053833 0.0146484 0.206177
0.976929 -0.053833 0.0146484 0.206177
0.976929 -0.053833 0.0146484 0.206177
0.976929 -0.053833 0.0146484 0.206177
0.978638 -0.0541992 0.0143433 0.197693
0.978638 -0.0541992 0.0143433 0.197693
0.978638 -0.0541992 0.0143433 0.197693
0.979797 -0.0541382 0.0140381 0.192017
0.979797 -0.0541382 0.0140381 0.192017
0.979797 -0.0541382 0.0140381 0.192017
0.98114 -0.0542603 0.013855 0.18512
0.98114 -0.0542603 0.013855 0.18512
0.98114 -0.0542603 0.013855 0.18512
0.98114 -0.0542603 0.013855 0.18512
0.98114 -0.0542603 0.013855 0.18512
0.982666 -0.0543823 0.0134277 0.176758
0.982666 -0.0543823 0.0134277 0.176758
0.983765 -0.0544434 0.0130615 0.170532
0.983765 -0.0544434 0.0130615 0.170532
0.983765 -0.0544434 0.0130615 0.170532
0.983765 -0.0544434 0.0130615 0.170532
0.984924 -0.0547485 0.0126953 0.163574
0.984924 -0.0547485 0.0126953 0.163574
0.984924 -0.0547485 0.0126953 0.163574
0.986084 -0.0551758 0.0123901 0.156372
0.986084 -0.0551758 0.0123901 0.156372
0.986084 -0.0551758 0.0123901 0.156372
0.986084 -0.0551758 0.0123901 0.156372
0.986938 -0.0552368 0.012146 0.150696
0.986938 -0.0552368 0.012146 0.150696
0.986938 -0.0552368 0.012146 0.150696
0.986938 -0.0552368 0.012146 0.150696
0.987915 -0.0554199 0.0119019 0.144348
0.987915 -0.0554199 0.0119019 0.144348
0.988953 -0.0557861 0.0115356 0.136902
0.988953 -0.0557861 0.0115356 0.136902
0.988953 -0.0557861 0.0115356 0.136902
0.988953 -0.0557861 0.0115356 0.136902
0.989807 -0.0562134 0.0109863 0.130493
0.989807 -0.0562134 0.0109863 0.130493
0.989807 -0.0562134 0.0109863 0.130493
0.990417 -0.0560913 0.0108032 0.125549
0.990417 -0.0560913 0.0108032 0.125549
0.990417 -0.0560913 0.0108032 0.125549
0.990417 -0.0560913 0.0108032 0.125549
0.991699 -0.0571899 0.0100098 0.114929
0.991699 -0.0571899 0.0100098 0.114929
0.991699 -0.0571899 0.0100098 0.114929
0.991699 -0.0571899 0.0100098 0.114929
0.991699 -0.0571899 0.0100098 0.114929
0.992615 -0.0581055 0.00878906 0.106018
0.992615 -0.0581055 0.00878906 0.106018
0.993042 -0.0585327 0.00811768 0.101868
0.993042 -0.0585327 0.00811768 0.101868
0.993042 -0.0585327 0.00811768 0.101868
0.993042 -0.0585327 0.00811768 0.101868
0.993652 -0.0587158 0.00769043 0.0957031
0.993652 -0.0587158 0.00769043 0.0957031
0.993652 -0.0587158 0.00769043 0.0957031
0.994324 -0.0587769 0.00701904 0.0884399
0.994324 -0.0587769 0.00701904 0.0884399
0.994324 -0.0587769 0.00701904 0.0884399
0.994324 -0.0587769 0.00701904 0.0884399
0.994873 -0.0587158 0.0065918 0.0820923
0.994873 -0.0587158 0.0065918 0.0820923
0.994873 -0.0587158 0.0065918 0.0820923
0.994873 -0.0587158 0.0065918 0.0820923
0.9953 -0.0587769 0.00592041 0.076355
0.9953 -0.0587769 0.00592041 0.076355
0.9953 -0.0587769 0.00592041 0.076355
0.99585 -0.059082 0.00543213 0.0693359
0.99585 -0.059082 0.00543213 0.0693359
0.99585 -0.059082 0.00543213 0.0693359
0.99585 -0.059082 0.00543213 0.0693359
0.996216 -0.0593872 0.00476074 0.0632935
0.996216 -0.0593872 0.00476074 0.0632935
0.996216 -0.0593872 0.00476074 0.0632935
0.996582 -0.0594482 0.00415039 0.0577393
0.996582 -0.0594482 0.00415039 0.0577393
0.996582 -0.0594482 0.00415039 0.0577393
0.996826 -0.0599365 0.00378418 0.0516968
0.996826 -0.0599365 0.00378418 0.0516968
0.996826 -0.0599365 0.00378418 0.0516968
0.996826 -0.0599365 0.00378418 0.0516968
0.996826 -0.0599365 0.00378418 0.0516968
0.99707 -0.0596924 0.00317383 0.0482788
0.99707 -0.0596924 0.00317383 0.0482788
0.997314 -0.0600586 0.00292969 0.0422363
0.997314 -0.0600586 0.00292969 0.0422363
0.997314 -0.0600586 0.00292969 0.0422363
0.997314 -0.0600586 0.00292969 0.0422363
0.997314 -0.0600586 0.00292969 0.0422363
0.997559 -0.0601807 0.00256348 0.0357056
0.997559 -0.0601807 0.00256348 0.0357056
0.997559 -0.0601807 0.00256348 0.0357056
0.997742 -0.0603027 0.00231934 0.0299683
0.997742 -0.0603027 0.00231934 0.0299683
0.997742 -0.0603027 0.00231934 0.0299683
0.997742 -0.0603027 0.00231934 0.0299683
0.997864 -0.0603638 0.00195312 0.0244141
0.997864 -0.0603638 0.00195312 0.0244141
0.997864 -0.0603638 0.00195312 0.0244141
0.997864 -0.0603638 0.00195312 0.0244141
0.997986 -0.0606079 0.00146484 0.0187378
0.997986 -0.0606079 0.00146484 0.0187378
0.997986 -0.0606079 0.00146484 0.0187378
0.997986 -0.0606079 0.00146484 0.0187378
0.998047 -0.0606689 0.00109863 0.0144043
0.998108 -0.06073 0.000915527 0.00921631
0.998108 -0.06073 0.000915527 0.00921631
0.998108 -0.06073 0.000915527 0.00921631
0.998108 -0.06073 0.000915527 0.00921631
0.998169 -0.06073 0.000610352 0.00390625
0.998169 -0.06073 0.000610352 0.00390625
0.998169 -0.06073 0.000610352 0.00390625
0.998108 -0.0610352 0.00012207 -0.00299072
0.998108 -0.0610352 0.00012207 -0.00299072
0.998108 -0.0610352 0.00012207 -0.00299072
0.998108 -0.0610352 0.00012207 -0.00299072
0.998108 -0.0610352 0.00012207 -0.00299072
0.998108 -0.0612793 -0.000549316 -0.00848389
0.998047 -0.0614014 -0.0012207 -0.0129395
0.998047 -0.0614014 -0.0012207 -0.0129395
0.998047 -0.0614014 -0.0012207 -0.0129395
0.998047 -0.0614014 -0.0012207 -0.0129395
0.997864 -0.0620117 -0.00152588 -0.0214233
0.997864 -0.0620117 -0.00152588 -0.0214233
0.997864 -0.0620117 -0.00152588 -0.0214233
0.997864 -0.0620117 -0.00152588 -0.0214233
0.997742 -0.0620117 -0.00195312 -0.0249023
0.997742 -0.0620117 -0.00195312 -0.0249023
0.997742 -0.0620117 -0.00195312 -0.0249023
0.997681 -0.0618286 -0.00213623 -0.0281982
0.997681 -0.0618286 -0.00213623 -0.0281982
0.997681 -0.0618286 -0.00213623 -0.0281982
0.997681 -0.0618286 -0.00213623 -0.0281982
0.997681 -0.0618286 -0.00213623 -0.0281982
0.997498 -0.0619507 -0.00256348 -0.0332642
0.997498 -0.0619507 -0.00256348 -0.0332642
0.997314 -0.0620728 -0.00292969 -0.0383301
0.997314 -0.0620728 -0.00292969 -0.0383301
0.997314 -0.0620728 -0.00292969 -0.0383301
0.997314 -0.0620728 -0.00292969 -0.0383301
0.997131 -0.0620728 -0.00335693 -0.0429077
0.997131 -0.0620728 -0.00335693 -0.0429077
0.997131 -0.0620728 -0.00335693 -0.0429077
0.997131 -0.0620728 -0.00335693 -0.0429077
0.996887 -0.0620117 -0.00378418 -0.0489502
0.996887 -0.0620117 -0.00378418 -0.0489502
0.996887 -0.0620117 -0.00378418 -0.0489502
0.996582 -0.0621948 -0.00408936 -0.0543823
0.996582 -0.0621948 -0.00408936 -0.0543823
0.996582 -0.0621948 -0.00408936 -0.0543823
0.996582 -0.0621948 -0.00408936 -0.0543823
0.996582 -0.0621948 -0.00408936 -0.0543823
0.996277 -0.0623169 -0.00439453 -0.0598755
0.996277 -0.0623169 -0.00439453 -0.0598755
0.996277 -0.0623169 -0.00439453 -0.0598755
0.996277 -0.0623169 -0.00439453 -0.0598755
0.995911 -0.062439 -0.00476074 -0.0653687
0.995911 -0.062439 -0.00476074 -0.0653687
0.995911 -0.062439 -0.00476074 -0.0653687
0.995667 -0.0622559 -0.00494385 -0.0686035
0.995667 -0.0622559 -0.00494385 -0.0686035
0.995667 -0.0622559 -0.00494385 -0.0686035
0.995667 -0.0622559 -0.00494385 -0.0686035
0.995483 -0.0620117 -0.00518799 -0.0718384
0.995483 -0.0620117 -0.00518799 -0.0718384
0.995483 -0.0620117 -0.00518799 -0.0718384
0.994995 -0.0625 -0.00537109 -0.0779419
0.994995 -0.0625 -0.00537109 -0.0779419
0.994995 -0.0625 -0.00537109 -0.0779419
0.994995 -0.0625 -0.00537109 -0.0779419
0.994995 -0.0625 -0.00537109 -0.0779419
0.994934 -0.0621948 -0.00592041 -0.0789795
0.994934 -0.0621948 -0.00592041 -0.0789795
0.994873 -0.0618896 -0.00646973 -0.0799561
0.994873 -0.0618896 -0.00646973 -0.0799561
0.994873 -0.0618896 -0.00646973 -0.0799561
0.994507 -0.0616455 -0.0065918 -0.0844727
0.994507 -0.0616455 -0.0065918 -0.0844727
0.994507 -0.0616455 -0.0065918 -0.0844727
0.994507 -0.0616455 -0.0065918 -0.0844727
0.994202 -0.0615234 -0.00640869 -0.0876465
0.994202 -0.0615234 -0.00640869 -0.0876465
0.994202 -0.0615234 -0.00640869 -0.0876465
0.994202 -0.0615234 -0.00640869 -0.0876465
0.993835 -0.0615845 -0.00665283 -0.0917358
0.993835 -0.0615845 -0.00665283 -0.0917358
0.993835 -0.0615845 -0.00665283 -0.0917358
0.993835 -0.0615845 -0.00665283 -0.0917358
0.993835 -0.0615845 -0.00665283 -0.0917358
0.993469 -0.0615845 -0.00689697 -0.0960083
0.993164 -0.0614624 -0.00732422 -0.098877
0.992798 -0.0614624 -0.00750732 -0.102356
0.992798 -0.0614624 -0.00750732 -0.102356
0.992371 -0.0615845 -0.00775146 -0.106628
0.991882 -0.0618286 -0.0078125 -0.110901
0.991882 -0.0618286 -0.0078125 -0.110901
0.991333 -0.0623169 -0.00817871 -0.115173
0.991333 -0.0623169 -0.00817871 -0.115173
0.990479 -0.0633545 -0.00897217 -0.122131
0.989807 -0.064209 -0.00994873 -0.126892
0.989624 -0.0639038 -0.0106201 -0.128113
0.989624 -0.0639038 -0.0106201 -0.128113
0.989319 -0.0637207 -0.0106812 -0.130615
0.98877 -0.0640869 -0.0106812 -0.13446
0.98877 -0.0640869 -0.0106812 -0.13446
0.988464 -0.0640259 -0.0109253 -0.136719
0.98822 -0.0640869 -0.0112915 -0.138428
0.987854 -0.0639648 -0.0115967 -0.14093
0.987854 -0.0639648 -0.0115967 -0.14093
0.987854 -0.0639648 -0.0115967 -0.14093
0.987549 -0.0639648 -0.0117188 -0.143372
0.987549 -0.0639648 -0.0117188 -0.143372
0.987366 -0.0638428 -0.0117188 -0.14447
0.987 -0.0639038 -0.0117798 -0.147034
0.986816 -0.0639648 -0.0118408 -0.148254
0.986816 -0.0639648 -0.0118408 -0.148254
0.986572 -0.0639648 -0.0118408 -0.149658
0.986328 -0.0639038 -0.0117188 -0.151611
0.986328 -0.0639038 -0.0117188 -0.151611
0.986084 -0.0640259 -0.0115967 -0.152954
0.986084 -0.0640259 -0.0115967 -0.152954
0.985962 -0.0638428 -0.0119019 -0.153748
0.985779 -0.0640259 -0.0118408 -0.15509
0.985779 -0.0640259 -0.0118408 -0.15509
0.985596 -0.064209 -0.012085 -0.156067
0.985413 -0.064209 -0.012146 -0.157104
0.985107 -0.064209 -0.0122681 -0.158875
0.985107 -0.064209 -0.0122681 -0.158875
0.984924 -0.0639648 -0.0123901 -0.160095
0.984924 -0.0639648 -0.0123901 -0.160095
0.98468 -0.0639648 -0.0124512 -0.16156
0.98468 -0.0639648 -0.0124512 -0.16156
0.98468 -0.0639648 -0.0124512 -0.16156
0.984497 -0.0639648 -0.0127563 -0.162964
0.984497 -0.0639648 -0.0127563 -0.162964
0.984314 -0.0639038 -0.0128784 -0.163818
0.984192 -0.0639038 -0.0130005 -0.16449
0.98407 -0.0638428 -0.0128174 -0.165527
0.98407 -0.0638428 -0.0128174 -0.165527
0.98407 -0.0639648 -0.0128174 -0.165405
0.984253 -0.0634766 -0.0129395 -0.164368
0.984253 -0.0634766 -0.0129395 -0.164368
0.984253 -0.0634766 -0.0129395 -0.164368
0.984192 -0.0635986 -0.0128174 -0.164612
0.984192 -0.0635986 -0.0128174 -0.164612
0.984131 -0.0637817 -0.0128784 -0.164917
0.984131 -0.0637817 -0.0128784 -0.164917
0.984192 -0.0636597 -0.0128174 -0.164917
0.984131 -0.0636597 -0.0128174 -0.165222
0.984131 -0.0635986 -0.0128174 -0.165161
0.984131 -0.0635986 -0.0128174 -0.165161
0.984131 -0.0637207 -0.0126953 -0.165161
0.984131 -0.0637207 -0.0126953 -0.165161
0.984131 -0.0637207 -0.0126953 -0.165161
0.984131 -0.0637207 -0.0126953 -0.165161
0.98407 -0.0637207 -0.0125732 -0.165344
0.98407 -0.0637207 -0.0125732 -0.165344
0.984131 -0.0637207 -0.0126953 -0.165222
0.984131 -0.0637207 -0.0126953 -0.165222
0.984131 -0.0635986 -0.0125732 -0.165283
0.984131 -0.0635986 -0.0125732 -0.165283
0.984131 -0.0634766 -0.0126343 -0.165283
0.984131 -0.0634766 -0.0126343 -0.165283
0.984131 -0.0635376 -0.0129395 -0.165344
0.984131 -0.0635376 -0.0129395 -0.165344
0.984131 -0.0635376 -0.0129395 -0.165344
0.983948 -0.0637817 -0.0124512 -0.16626
0.983948 -0.0637817 -0.0124512 -0.16626
0.983948 -0.0637817 -0.0124512 -0.16626
0.984192 -0.0636597 -0.0128784 -0.164917
0.984192 -0.0636597 -0.0128784 -0.164917
0.984131 -0.0634766 -0.0125122 -0.1651
0.984131 -0.0634766 -0.0125122 -0.1651
0.98407 -0.0637817 -0.0126953 -0.165588
0.98407 -0.0637817 -0.0126953 -0.165588
0.984131 -0.0636597 -0.0126953 -0.165344
0.98407 -0.0636597 -0.0127563 -0.165344
0.98407 -0.0636597 -0.0127563 -0.165344
0.98407 -0.0636597 -0.0127563 -0.165344
0.984192 -0.0635376 -0.0126343 -0.164673
0.984192 -0.0635376 -0.0126343 -0.164673
0.984192 -0.0635376 -0.0126343 -0.164673
0.984436 -0.0635376 -0.0123291 -0.163208
0.984436 -0.0635376 -0.0123291 -0.163208
0.98468 -0.0635986 -0.012207 -0.161865
0.98468 -0.0635986 -0.012207 -0.161865
0.98468 -0.0635986 -0.012207 -0.161865
0.984985 -0.0634766 -0.012085 -0.160156
0.984985 -0.0634766 -0.012085 -0.160156
0.985168 -0.0634766 -0.012085 -0.159119
0.985535 -0.0633545 -0.0119629 -0.156738
0.985535 -0.0633545 -0.0119629 -0.156738
0.985535 -0.0633545 -0.0119629 -0.156738
0.985779 -0.0633545 -0.0119019 -0.155334
0.985779 -0.0633545 -0.0119019 -0.155334
0.985718 -0.0638428 -0.0116577 -0.155396
0.985718 -0.0638428 -0.0116577 -0.155396
0.986389 -0.0634155 -0.0119019 -0.151062
0.986389 -0.0634155 -0.0119019 -0.151062
0.986572 -0.0634766 -0.0113525 -0.150085
0.986694 -0.0635376 -0.0115356 -0.149109
0.987 -0.0634155 -0.0113525 -0.147095
0.987244 -0.0634766 -0.0112915 -0.145508
0.987244 -0.0634766 -0.0112915 -0.145508
0.987549 -0.0632935 -0.0111084 -0.143677
0.987549 -0.0632935 -0.0111084 -0.143677
0.987549 -0.0632935 -0.0111084 -0.143677
0.987915 -0.0632324 -0.0109253 -0.141174
0.988098 -0.0631714 -0.0108643 -0.139893
0.988403 -0.0629883 -0.0108032 -0.137512
0.988708 -0.0628052 -0.0107422 -0.135681
0.988953 -0.0626221 -0.0107422 -0.133789
0.988953 -0.0626221 -0.0107422 -0.133789
0.989136 -0.0626221 -0.0107422 -0.132507
0.989319 -0.0628052 -0.0103149 -0.131165
0.989868 -0.062439 -0.0103149 -0.126953
0.989868 -0.062439 -0.0103149 -0.126953
0.989868 -0.062439 -0.0103149 -0.126953
0.990356 -0.0623169 -0.0100708 -0.123352
0.990356 -0.0623169 -0.0100708 -0.123352
0.990723 -0.0623169 -0.00976562 -0.120544
0.990723 -0.0623169 -0.00976562 -0.120544
0.991028 -0.0621338 -0.00976562 -0.11792
0.991028 -0.0621338 -0.00976562 -0.11792
0.991028 -0.0621338 -0.00976562 -0.11792
0.991333 -0.0620728 -0.00939941 -0.115356
0.991638 -0.0621338 -0.00909424 -0.112488
0.991638 -0.0621338 -0.00909424 -0.112488
0.992065 -0.0618286 -0.0090332 -0.109009
0.99231 -0.0620117 -0.00878906 -0.106934
0.99231 -0.0620117 -0.00878906 -0.106934
0.992554 -0.0618286 -0.0088501 -0.10437
0.993042 -0.0615234 -0.00860596 -0.100098
0.993042 -0.0615234 -0.00860596 -0.100098
0.993042 -0.0615234 -0.00860596 -0.100098
0.993347 -0.0614014 -0.00836182 -0.0969238
0.99353 -0.0614624 -0.00823975 -0.0948486
0.99353 -0.0614624 -0.00823975 -0.0948486
0.993958 -0.0612793 -0.00811768 -0.0910034
0.994202 -0.0612793 -0.00769043 -0.0881958
0.994385 -0.0610352 -0.00769043 -0.0862427
0.994385 -0.0610352 -0.00769043 -0.0862427
0.994446 -0.0611572 -0.00762939 -0.0855713
0.994446 -0.0611572 -0.00762939 -0.0855713
0.994446 -0.0610962 -0.0078125 -0.0852051
0.994446 -0.0610962 -0.0078125 -0.0852051
0.994446 -0.0610962 -0.0078125 -0.0852051
0.994507 -0.0610962 -0.00775146 -0.0848389
0.994568 -0.0609741 -0.00762939 -0.0841064
0.99469 -0.06073 -0.00762939 -0.0827637
0.99469 -0.06073 -0.00762939 -0.0827637
0.994751 -0.0606689 -0.00756836 -0.0817871
0.994751 -0.0606689 -0.00756836 -0.0817871
0.994751 -0.0606689 -0.00756836 -0.0817871
0.994873 -0.0605469 -0.00762939 -0.0803833
0.994873 -0.0605469 -0.00762939 -0.0803833
0.994873 -0.0605469 -0.00762939 -0.0803833
0.994995 -0.0604858 -0.00775146 -0.0793457
0.994995 -0.0604858 -0.00775146 -0.0793457
0.994995 -0.0604858 -0.00775146 -0.0793457
0.994995 -0.0604858 -0.00775146 -0.0793457
0.994934 -0.0609741 -0.00726318 -0.0796509
0.995178 -0.0606079 -0.00750732 -0.0771484
0.995178 -0.0606079 -0.00750732 -0.0771484
0.9953 -0.0605469 -0.00701904 -0.0755615
0.9953 -0.0605469 -0.00701904 -0.0755615
0.9953 -0.0605469 -0.00720215 -0.0753174
0.9953 -0.0605469 -0.00720215 -0.0753174
0.9953 -0.0605469 -0.00720215 -0.0749512
0.9953 -0.0605469 -0.00720215 -0.0749512
0.9953 -0.0605469 -0.00720215 -0.0749512
0.9953 -0.0606689 -0.00720215 -0.0752563
0.9953 -0.0606689 -0.00720215 -0.0752563
0.995361 -0.0606689 -0.00701904 -0.074707
0.995361 -0.0606689 -0.00701904 -0.074707
0.995361 -0.0606689 -0.00689697 -0.0742188
0.995361 -0.0606689 -0.00689697 -0.0742188
0.995361 -0.0606689 -0.00689697 -0.0742188
0.995422 -0.0606689 -0.00671387 -0.0736084
0.995422 -0.0606689 -0.00671387 -0.0736084
0.995422 -0.0606689 -0.00671387 -0.0736084
0.995422 -0.0606689 -0.00671387 -0.0736084
0.995483 -0.0605469 -0.00671387 -0.0723877
0.995483 -0.0605469 -0.00671387 -0.0723877
0.995483 -0.0605469 -0.00671387 -0.0723877
0.995605 -0.0604248 -0.00665283 -0.0709839
0.995605 -0.0604248 -0.00665283 -0.0709839
0.995789 -0.0603027 -0.00653076 -0.0690918
0.995789 -0.0603027 -0.00653076 -0.0690918
0.995911 -0.0603027 -0.00640869 -0.0670166
0.995911 -0.0603027 -0.00640869 -0.0670166
0.995911 -0.0603027 -0.00640869 -0.0670166
0.995911 -0.0606079 -0.00604248 -0.0665283
0.995911 -0.0606079 -0.00604248 -0.0665283
0.995911 -0.0606079 -0.00604248 -0.0665283
0.996216 -0.0602417 -0.00616455 -0.0622559
0.996216 -0.0602417 -0.00616455 -0.0622559
0.996521 -0.0600586 -0.00543213 -0.0574341
0.996521 -0.0600586 -0.00543213 -0.0574341
0.996704 -0.0598755 -0.00543213 -0.0539551
0.996704 -0.0598755 -0.00543213 -0.0539551
0.996887 -0.0598755 -0.00512695 -0.0508423
0.996887 -0.0598755 -0.00512695 -0.0508423
0.996887 -0.0598755 -0.00512695 -0.0508423
0.997131 -0.0599365 -0.00488281 -0.0463867
0.997131 -0.0599365 -0.00488281 -0.0463867
0.997131 -0.0599365 -0.00488281 -0.0463867
0.997375 -0.0596924 -0.00439453 -0.0411987
0.997375 -0.0596924 -0.00439453 -0.0411987
0.997559 -0.0595093 -0.00390625 -0.0358887
0.997559 -0.0595093 -0.00390625 -0.0358887
0.997742 -0.0593872 -0.00366211 -0.0313721
0.997925 -0.0592041 -0.00335693 -0.0258179
0.997925 -0.0592041 -0.00335693 -0.0258179
0.997925 -0.0592041 -0.00335693 -0.0258179
0.998047 -0.059082 -0.00305176 -0.0209961
0.998047 -0.059082 -0.00305176 -0.0209961
0.998169 -0.0588989 -0.00262451 -0.0153198
0.99823 -0.0585938 -0.00219727 -0.0090332
0.99823 -0.0585938 -0.00219727 -0.0090332
0.99823 -0.0588989 -0.00152588 -0.0055542
0.998291 -0.0585938 -0.0012207 0.0020752
0.998291 -0.0585938 -0.0012207 0.0020752
0.99823 -0.0583496 -0.000305176 0.00933838
0.99823 -0.0583496 -0.000305176 0.00933838
0.99823 -0.0583496 -0.000305176 0.00933838
0.998169 -0.0583496 -0.000183105 0.0150146
0.998047 -0.0583496 0.000183105 0.0213623
0.997864 -0.0582275 0.000488281 0.0285645
0.997864 -0.0582275 0.000488281 0.0285645
0.997681 -0.0579224 0.000976562 0.0351562
0.997681 -0.0579224 0.000976562 0.0351562
0.997681 -0.0579224 0.000976562 0.0351562
0.997498 -0.0574951 0.00152588 0.041687
0.997498 -0.0574951 0.00152588 0.041687
0.997192 -0.057312 0.00189209 0.0477905
0.996826 -0.0570068 0.0022583 0.0558472
0.996826 -0.0570068 0.0022583 0.0558472
0.996826 -0.0570068 0.0022583 0.0558472
0.99646 -0.0570068 0.00256348 0.0621948
0.99646 -0.0570068 0.00256348 0.0621948
0.995972 -0.0567627 0.00299072 0.0690918
0.995972 -0.0567627 0.00299072 0.0690918
0.995972 -0.0567627 0.00299072 0.0690918
0.995544 -0.0564575 0.00323486 0.0753784
0.995544 -0.0564575 0.00323486 0.0753784
0.995544 -0.0564575 0.00323486 0.0753784
0.995178 -0.0564575 0.00378418 0.079834
0.995178 -0.0564575 0.00378418 0.079834
0.994507 -0.0560913 0.0043335 0.0880127
0.994507 -0.0560913 0.0043335 0.0880127
0.993958 -0.0557251 0.00482178 0.0944824
0.993958 -0.0557251 0.00482178 0.0944824
0.993408 -0.0557861 0.00488281 0.100098
0.992737 -0.0556641 0.00524902 0.10675
0.992737 -0.0556641 0.00524902 0.10675
0.991943 -0.0552979 0.00579834 0.114075
0.991943 -0.0552979 0.00579834 0.114075
0.991943 -0.0552979 0.00579834 0.114075
0.991089 -0.0549927 0.0065918 0.120911
0.991089 -0.0549927 0.0065918 0.120911
0.990173 -0.0548096 0.00732422 0.128601
0.989197 -0.0547485 0.00793457 0.135559
0.989197 -0.0547485 0.00793457 0.135559
0.98822 -0.0543823 0.00854492 0.142639
0.98822 -0.0543823 0.00854492 0.142639
0.98822 -0.0543823 0.00854492 0.142639
0.987183 -0.053894 0.00915527 0.149841
0.987183 -0.053894 0.00915527 0.149841
0.985779 -0.0529785 0.00958252 0.159058
0.985779 -0.0529785 0.00958252 0.159058
0.984375 -0.0521851 0.00970459 0.167847
0.984375 -0.0521851 0.00970459 0.167847
0.983765 -0.0521851 0.0101318 0.171509
0.983765 -0.0521851 0.0101318 0.171509
0.98175 -0.0518799 0.0109863 0.1828
0.98175 -0.0518799 0.0109863 0.1828
0.98175 -0.0518799 0.0109863 0.1828
0.978943 -0.0508423 0.012207 0.197327
0.978943 -0.0508423 0.012207 0.197327
0.978943 -0.0508423 0.012207 0.197327
0.9776 -0.0507812 0.0126953 0.203735
0.9776 -0.0507812 0.0126953 0.203735
0.976624 -0.0510254 0.0134277 0.208435
0.976624 -0.0510254 0.0134277 0.208435
0.976624 -0.0510254 0.0134277 0.208435
0.97467 -0.050354 0.013916 0.21759
0.972717 -0.0499268 0.0145264 0.226013
0.972717 -0.0499268 0.0145264 0.226013
0.972717 -0.0499268 0.0145264 0.226013
0.971375 -0.0496826 0.0148926 0.231812
0.969543 -0.0491333 0.0151978 0.239563
0.969543 -0.0491333 0.0151978 0.239563
0.969543 -0.0491333 0.0151978 0.239563
0.967407 -0.0484009 0.0157471 0.248047
0.967407 -0.0484009 0.0157471 0.248047
0.965576 -0.0479126 0.0161743 0.255127
0.965576 -0.0479126 0.0161743 0.255127
0.965576 -0.0479126 0.0161743 0.255127
0.963257 -0.0471191 0.0167847 0.263916
0.963257 -0.0471191 0.0167847 0.263916
0.963257 -0.0471191 0.0167847 0.263916
0.960876 -0.0463257 0.017334 0.272583
0.960876 -0.0463257 0.017334 0.272583
0.95874 -0.0455933 0.0178833 0.280029
0.95874 -0.0455933 0.0178833 0.280029
0.955566 -0.0441895 0.0181885 0.290894
0.955566 -0.0441895 0.0181885 0.290894
0.953735 -0.043335 0.0186157 0.296936
0.952148 -0.0432739 0.0188599 0.302002
0.952148 -0.0432739 0.0188599 0.302002
0.949036 -0.0429688 0.0196533 0.311707
0.949036 -0.0429688 0.0196533 0.311707
0.949036 -0.0429688 0.0196533 0.311707
0.946411 -0.0427856 0.0200195 0.319458
0.946411 -0.0427856 0.0200195 0.319458
0.944153 -0.0427856 0.0204468 0.326111
0.940491 -0.0426025 0.0210571 0.336548
0.940491 -0.0426025 0.0210571 0.336548
0.93634 -0.0425415 0.0216675 0.347778
0.93634 -0.0425415 0.0216675 0.347778
0.93634 -0.0425415 0.0216675 0.347778
0.933533 -0.0429077 0.0223389 0.355103
0.933533 -0.0429077 0.0223389 0.355103
0.933533 -0.0429077 0.0223389 0.355103
0.930908 -0.0427856 0.0233154 0.362061
0.930908 -0.0427856 0.0233154 0.362061
0.926025 -0.0405884 0.0240479 0.374512
0.926025 -0.0405884 0.0240479 0.374512
0.926025 -0.0405884 0.0240479 0.374512
0.921936 -0.0383301 0.0246582 0.384583
0.921936 -0.0383301 0.0246582 0.384583
0.920532 -0.0374146 0.0249634 0.388123
0.916565 -0.036499 0.0252075 0.3974
0.916565 -0.036499 0.0252075 0.3974
0.916565 -0.036499 0.0252075 0.3974
0.912842 -0.0361328 0.0257568 0.405823
0.912842 -0.0361328 0.0257568 0.405823
0.910645 -0.036377 0.0258179 0.410767
0.910645 -0.036377 0.0258179 0.410767
0.907288 -0.0361938 0.0266724 0.41803
0.907288 -0.0361938 0.0266724 0.41803
0.903564 -0.0354614 0.0272217 0.426086
0.903564 -0.0354614 0.0272217 0.426086
0.903564 -0.0354614 0.0272217 0.426086
0.900757 -0.0350952 0.027771 0.432007
0.900757 -0.0350952 0.027771 0.432007
0.897278 -0.0348511 0.0280151 0.439209
0.897278 -0.0348511 0.0280151 0.439209
0.897278 -0.0348511 0.0280151 0.439209
0.893066 -0.034668 0.0282593 0.447693
0.889038 -0.034668 0.0288696 0.455627
0.889038 -0.034668 0.0288696 0.455627
0.885498 -0.034668 0.029541 0.462341
0.885498 -0.034668 0.029541 0.462341
0.885498 -0.034668 0.029541 0.462341
0.885498 -0.034668 0.029541 0.462341
0.881409 -0.0343628 0.0305176 0.470093
0.881409 -0.0343628 0.0305176 0.470093
0.881409 -0.0343628 0.0305176 0.470093
0.876831 -0.0338745 0.031189 0.478638
0.876831 -0.0338745 0.031189 0.478638
0.876831 -0.0338745 0.031189 0.478638
0.874451 -0.0338135 0.031311 0.48291
0.874451 -0.0338135 0.031311 0.48291
0.868286 -0.0325317 0.0316772 0.493958
0.861206 -0.0302124 0.0324097 0.506348
0.861206 -0.0302124 0.0324097 0.506348
0.861206 -0.0302124 0.0324097 0.506348
0.858215 -0.0290527 0.0327148 0.511414
0.858215 -0.0290527 0.0327148 0.511414
0.855713 -0.0285034 0.0332642 0.515564
0.855713 -0.0285034 0.0332642 0.515564
0.855713 -0.0285034 0.0332642 0.515564
0.850403 -0.0283203 0.0337524 0.524292
0.850403 -0.0283203 0.0337524 0.524292
0.850403 -0.0283203 0.0337524 0.524292
0.844666 -0.0283203 0.0344849 0.533386
0.844666 -0.0283203 0.0344849 0.533386
0.84021 -0.0283203 0.0349731 0.540405
0.835205 -0.0282593 0.0354004 0.548035
0.835205 -0.0282593 0.0354004 0.548035
0.835205 -0.0282593 0.0354004 0.548035
0.828674 -0.0280762 0.0358887 0.557861
0.828674 -0.0280762 0.0358887 0.557861
0.828674 -0.0280762 0.0358887 0.557861
0.824219 -0.0282593 0.0361328 0.564392
0.824219 -0.0282593 0.0361328 0.564392
0.819641 -0.0281982 0.0367432 0.570984
0.819641 -0.0281982 0.0367432 0.570984
0.819641 -0.0281982 0.0367432 0.570984
0.814575 -0.0275269 0.0371094 0.578186
0.814575 -0.0275269 0.0371094 0.578186
0.811829 -0.0272217 0.0375366 0.582031
0.811829 -0.0272217 0.0375366 0.582031
0.805786 -0.0264282 0.0377808 0.590393
0.805786 -0.0264282 0.0377808 0.590393
0.800232 -0.0255737 0.0380859 0.5979
0.800232 -0.0255737 0.0380859 0.5979
0.796631 -0.0255737 0.038208 0.602661
0.790649 -0.0247192 0.0387573 0.610535
0.790649 -0.0247192 0.0387573 0.610535
0.790649 -0.0247192 0.0387573 0.610535
0.790649 -0.0247192 0.0387573 0.610535
0.784607 -0.0237427 0.0390015 0.618286
0.784607 -0.0237427 0.0390015 0.618286
0.784607 -0.0237427 0.0390015 0.618286
0.781067 -0.0234375 0.0393677 0.622742
0.781067 -0.0234375 0.0393677 0.622742
0.775635 -0.0231323 0.0396118 0.629517
0.775635 -0.0231323 0.0396118 0.629517
0.768799 -0.022583 0.039917 0.637817
0.76355 -0.0223999 0.0404663 0.644104
0.76001 -0.0220337 0.0406494 0.648315
0.76001 -0.0220337 0.0406494 0.648315
0.75415 -0.0213623 0.0410156 0.65509
0.75415 -0.0213623 0.0410156 0.65509
0.74707 -0.0205078 0.0412598 0.663147
0.74707 -0.0205078 0.0412598 0.663147
0.742493 -0.0205688 0.0415039 0.668213
0.736877 -0.0206909 0.041626 0.674438
0.736877 -0.0206909 0.041626 0.674438
0.736877 -0.0206909 0.041626 0.674438
0.729736 -0.0200195 0.0422363 0.682129
0.726562 -0.0194702 0.0424194 0.685486
0.723022 -0.0189819 0.0424805 0.68927
0.716492 -0.0178833 0.0427856 0.696045
0.716492 -0.0178833 0.0427856 0.696045
0.712097 -0.0175781 0.0426025 0.700562
0.712097 -0.0175781 0.0426025 0.700562
0.712097 -0.0175781 0.0426025 0.700562
0.707886 -0.017395 0.0428467 0.704834
0.707886 -0.017395 0.0428467 0.704834
0.701355 -0.0166626 0.0429688 0.711304
0.695923 -0.0161133 0.043335 0.716675
0.695923 -0.0161133 0.043335 0.716675
0.695923 -0.0161133 0.043335 0.716675
0.690186 -0.015564 0.0440063 0.722107
0.681335 -0.0139771 0.0446777 0.730469
0.681335 -0.0139771 0.0446777 0.730469
0.676331 -0.0131226 0.0449829 0.735107
0.676331 -0.0131226 0.0449829 0.735107
0.6745 -0.0131226 0.045166 0.736755
0.6745 -0.0131226 0.045166 0.736755
0.664734 -0.0124512 0.0455322 0.745605
0.658142 -0.0117188 0.0456543 0.751404
0.658142 -0.0117188 0.0456543 0.751404
0.656128 -0.0119629 0.0458984 0.753174
0.656128 -0.0119629 0.0458984 0.753174
0.656128 -0.0119629 0.0458984 0.753174
0.649841 -0.0112915 0.0463257 0.758545
0.649841 -0.0112915 0.0463257 0.758545
0.642456 -0.010437 0.0465088 0.764832
0.642456 -0.010437 0.0465088 0.764832
0.642456 -0.010437 0.0465088 0.764832
0.638794 -0.0105591 0.046875 0.767883
0.638794 -0.0105591 0.046875 0.767883
0.634521 -0.010437 0.0471191 0.771362
0.62738 -0.00976562 0.0471802 0.777222
0.62738 -0.00976562 0.0471802 0.777222
0.620972 -0.00909424 0.0477905 0.782349
0.620972 -0.00909424 0.0477905 0.782349
0.618774 -0.00921631 0.0476074 0.784058
0.611206 -0.00848389 0.0482788 0.789978
0.611206 -0.00848389 0.0482788 0.789978
0.611206 -0.00848389 0.0482788 0.789978
0.606079 -0.0078125 0.048584 0.793884
0.606079 -0.0078125 0.048584 0.793884
0.604004 -0.00762939 0.0488892 0.79541
0.604004 -0.00762939 0.0488892 0.79541
0.597046 -0.00689697 0.0492554 0.800659
0.597046 -0.00689697 0.0492554 0.800659
0.588989 -0.00567627 0.0494385 0.806641
0.588989 -0.00567627 0.0494385 0.806641
0.586304 -0.00543213 0.0496216 0.808533
0.582336 -0.00531006 0.0499878 0.81134
0.582336 -0.00531006 0.0499878 0.81134
0.582336 -0.00531006 0.0499878 0.81134
0.575806 -0.00488281 0.0501099 0.81604
0.575806 -0.00488281 0.0501099 0.81604
0.571411 -0.00482178 0.0504761 0.819092
0.571411 -0.00482178 0.0504761 0.819092
0.571411 -0.00482178 0.0504761 0.819092
0.566833 -0.00427246 0.0508423 0.822205
0.566833 -0.00427246 0.0508423 0.822205
0.566833 -0.00427246 0.0508423 0.822205
0.561096 -0.00335693 0.0507202 0.826172
0.561096 -0.00335693 0.0507202 0.826172
0.556396 -0.00274658 0.0509644 0.829346
0.552551 -0.00244141 0.0509644 0.831909
0.552551 -0.00244141 0.0509644 0.831909
0.552551 -0.00244141 0.0509644 0.831909
0.547913 -0.0022583 0.0510864 0.834961
0.547913 -0.0022583 0.0510864 0.834961
0.547913 -0.0022583 0.0510864 0.834961
0.547913 -0.0022583 0.0510864 0.834961
0.54425 -0.0022583 0.0514526 0.837341
0.54187 -0.00213623 0.0512695 0.838928
0.54187 -0.00213623 0.0512695 0.838928
0.54187 -0.00213623 0.0512695 0.838928
0.535217 -0.00183105 0.0515747 0.84314
0.53064 -0.00128174 0.0516968 0.846008
0.53064 -0.00128174 0.0516968 0.846008
0.527649 -0.00115967 0.0516357 0.8479
0.527649 -0.00115967 0.0516357 0.8479
0.522522 -0.000793457 0.052002 0.851074
0.522522 -0.000793457 0.052002 0.851074
0.522522 -0.000793457 0.052002 0.851074
0.517944 -0.000244141 0.0519409 0.853821
0.517944 -0.000244141 0.0519409 0.853821
0.514038 -0.00012207 0.0521851 0.85614
0.514038 -0.00012207 0.0521851 0.85614
0.514038 -0.00012207 0.0521851 0.85614
0.509277 0.00012207 0.0524902 0.859009
0.509277 0.00012207 0.0524902 0.859009
0.503174 -0.00012207 0.0526123 0.86261
0.503174 -0.00012207 0.0526123 0.86261
0.498108 -0.000488281 0.0531006 0.865479
0.498108 -0.000488281 0.0531006 0.865479
0.494995 -0.000671387 0.0531006 0.867249
0.494995 -0.000671387 0.0531006 0.867249
0.490173 -0.000244141 0.0531616 0.869995
0.490173 -0.000244141 0.0531616 0.869995
0.485901 0.000366211 0.0529785 0.872375
0.485901 0.000366211 0.0529785 0.872375
0.485901 0.000366211 0.0529785 0.872375
0.481689 0.000549316 0.0526733 0.874756
0.481689 0.000549316 0.0526733 0.874756
0.481689 0.000549316 0.0526733 0.874756
0.475403 0.000305176 0.0528564 0.878174
0.475403 0.000305176 0.0528564 0.878174
0.47052 0.000244141 0.0531006 0.880798
0.467346 0.00012207 0.0534058 0.882446
0.467346 0.00012207 0.0534058 0.882446
0.467346 0.00012207 0.0534058 0.882446
0.46405 0.000854492 0.053833 0.884155
0.46405 0.000854492 0.053833 0.884155
0.46405 0.000854492 0.053833 0.884155
0.46106 0.00140381 0.0537109 0.885742
0.46106 0.00140381 0.0537109 0.885742
0.46106 0.00140381 0.0537109 0.885742
0.457336 0.00177002 0.0539551 0.887634
0.457336 0.00177002 0.0539551 0.887634
0.457336 0.00177002 0.0539551 0.887634
0.453552 0.00170898 0.053833 0.889587
0.453552 0.00170898 0.053833 0.889587
0.450073 0.00177002 0.0540161 0.891357
0.450073 0.00177002 0.0540161 0.891357
0.446777 0.00213623 0.0544434 0.893005
0.44342 0.00286865 0.0545044 0.894653
0.44342 0.00286865 0.0545044 0.894653
0.44342 0.00286865 0.0545044 0.894653
0.439331 0.00360107 0.0549316 0.896667
0.439331 0.00360107 0.0549316 0.896667
0.438232 0.00354004 0.0547485 0.897156
0.438232 0.00354004 0.0547485 0.897156
0.43634 0.003479 0.0545654 0.898132
0.43634 0.003479 0.0545654 0.898132
0.431396 0.00323486 0.0548096 0.900513
0.431396 0.00323486 0.0548096 0.900513
0.431396 0.00323486 0.0548096 0.900513
0.430542 0.00372314 0.0548706 0.900879
0.430542 0.00372314 0.0548706 0.900879
0.429626 0.00378418 0.0548706 0.901367
0.429626 0.00378418 0.0548706 0.901367
0.426453 0.00415039 0.0549316 0.902832
0.426453 0.00415039 0.0549316 0.902832
0.426453 0.00415039 0.0549316 0.902832
0.424622 0.00421143 0.0548096 0.903687
0.424622 0.00421143 0.0548096 0.903687
0.422729 0.00402832 0.0549927 0.904602
0.422729 0.00402832 0.0549927 0.904602
0.422729 0.00402832 0.0549927 0.904602
0.420166 0.00427246 0.0549927 0.905762
0.420166 0.00427246 0.0549927 0.905762
0.417847 0.0043335 0.0550537 0.90686
0.417847 0.0043335 0.0550537 0.90686
0.415405 0.00463867 0.0552979 0.907959
0.415405 0.00463867 0.0552979 0.907959
0.412415 0.00500488 0.055481 0.909302
0.412415 0.00500488 0.055481 0.909302
0.412415 0.00500488 0.055481 0.909302
0.409058 0.00512695 0.0558472 0.910767
0.409058 0.00512695 0.0558472 0.910767
0.409058 0.00512695 0.0558472 0.910767
0.409058 0.00512695 0.0558472 0.910767
0.407471 0.00506592 0.0559082 0.911499
0.407471 0.00506592 0.0559082 0.911499
0.404175 0.00537109 0.0558472 0.912964
0.404175 0.00537109 0.0558472 0.912964
0.401306 0.0055542 0.0559692 0.914185
0.401306 0.0055542 0.0559692 0.914185
0.400574 0.00604248 0.0558472 0.914551
0.400574 0.00604248 0.0558472 0.914551
0.398987 0.00592041 0.0559082 0.915222
0.398987 0.00592041 0.0559082 0.915222
0.398987 0.00592041 0.0559082 0.915222
0.398987 0.00592041 0.0559082 0.915222
0.3974 0.00604248 0.0561523 0.915894
0.3974 0.00604248 0.0561523 0.915894
0.3974 0.00604248 0.0561523 0.915894
0.396545 0.00604248 0.0559692 0.91626
0.396545 0.00604248 0.0559692 0.91626
0.395447 0.00598145 0.0560303 0.916748
0.394165 0.00622559 0.0558472 0.917297
0.394165 0.00622559 0.0558472 0.917297
0.393372 0.00640869 0.0557861 0.917664
0.393372 0.00640869 0.0557861 0.917664
0.393372 0.00640869 0.0557861 0.917664
0.392822 0.0065918 0.0560303 0.917847
0.392822 0.0065918 0.0560303 0.917847
0.392822 0.0065918 0.0560303 0.917847
0.392517 0.0065918 0.0560303 0.91803
0.392517 0.0065918 0.0560303 0.91803
0.392578 0.00689697 0.0563354 0.917969
0.392578 0.00689697 0.0563354 0.917969
0.392639 0.00646973 0.0562134 0.917969
0.392639 0.00646973 0.0562134 0.917969
0.392639 0.00646973 0.0562134 0.917969
0.392822 0.00665283 0.0559082 0.917908
0.392822 0.00665283 0.0559082 0.917908
0.391174 0.00653076 0.0560303 0.918579
0.391174 0.00653076 0.0560303 0.918579
0.391174 0.00653076 0.0560303 0.918579
0.391296 0.0065918 0.0560303 0.918518
0.391296 0.0065918 0.0560303 0.918518
0.391724 0.00671387 0.0561523 0.918335
0.391724 0.00671387 0.0561523 0.918335
0.391724 0.00671387 0.0561523 0.918335
0.391541 0.00640869 0.0562134 0.918396
0.391663 0.00653076 0.0562134 0.918335
0.391663 0.00653076 0.0562134 0.918335
0.391479 0.00646973 0.0560303 0.918457
0.391479 0.00646973 0.0560303 0.918457
0.391663 0.0065918 0.0559692 0.918396
0.391663 0.0065918 0.0559692 0.918396
0.391479 0.00671387 0.0559692 0.918457
0.391479 0.00671387 0.0559692 0.918457
0.391479 0.00671387 0.0559692 0.918457
0.391541 0.0065918 0.0560913 0.918457
0.391541 0.0065918 0.0560913 0.918457
0.391541 0.0065918 0.0560913 0.918457
0.391602 0.0065918 0.0560913 0.918396
0.391602 0.0065918 0.0560913 0.918396
0.391602 0.0065918 0.0560913 0.918396
0.391235 0.00646973 0.0560303 0.918579
0.391235 0.00646973 0.0560303 0.918579
0.391235 0.0067749 0.0560303 0.918579
0.391235 0.0067749 0.0560303 0.918579
0.390747 0.00665283 0.0560913 0.918762
0.391541 0.00683594 0.0557251 0.918457
0.391541 0.00683594 0.0557251 0.918457
0.389832 0.00665283 0.0559692 0.919189
0.390198 0.0067749 0.0560303 0.919006
0.390198 0.0067749 0.0560303 0.919006
0.390198 0.0067749 0.0560303 0.919006
0.390869 0.00683594 0.0560913 0.918701
0.390869 0.00683594 0.0560913 0.918701
0.390564 0.0067749 0.0560913 0.918823
0.390564 0.0067749 0.0560913 0.918823
0.390564 0.0067749 0.0560913 0.918823
0.39093 0.00689697 0.0560303 0.918701
0.39093 0.00689697 0.0560303 0.918701
0.391052 0.0065918 0.0559692 0.91864
0.391052 0.0065918 0.0559692 0.91864
0.391052 0.0065918 0.0559692 0.91864
0.391846 0.0065918 0.0560913 0.918274
0.391846 0.0065918 0.0560913 0.918274
0.391846 0.0065918 0.0560913 0.918274
0.393066 0.00646973 0.0559692 0.917786
0.394226 0.00634766 0.0562134 0.917297
0.394226 0.00634766 0.0562134 0.917297
0.395813 0.00646973 0.0561523 0.916565
0.395813 0.00646973 0.0561523 0.916565
0.395813 0.00646973 0.0561523 0.916565
0.396912 0.00634766 0.0562134 0.916138
0.396912 0.00634766 0.0562134 0.916138
0.396912 0.00634766 0.0562134 0.916138
0.399231 0.00592041 0.0560913 0.9151
0.400818 0.00592041 0.0557251 0.914429
0.400818 0.00592041 0.0557251 0.914429
0.401489 0.00549316 0.0557861 0.914124
0.401489 0.00549316 0.0557861 0.914124
0.401489 0.00549316 0.0557861 0.914124
0.403687 0.00579834 0.0558472 0.913208
0.403687 0.00579834 0.0558472 0.913208
0.406555 0.00543213 0.055603 0.911926
0.406555 0.00543213 0.055603 0.911926
0.406555 0.00543213 0.055603 0.911926
0.406555 0.00543213 0.055603 0.911926
0.408752 0.00531006 0.0557861 0.91095
0.408752 0.00531006 0.0557861 0.91095
0.410767 0.00512695 0.055481 0.910034
0.410767 0.00512695 0.055481 0.910034
0.413269 0.00488281 0.055542 0.908936
0.413269 0.00488281 0.055542 0.908936
0.414856 0.00488281 0.055481 0.908203
0.416809 0.00476074 0.0553589 0.907288
0.416809 0.00476074 0.0553589 0.907288
0.416809 0.00476074 0.0553589 0.907288
0.4198 0.00463867 0.055481 0.905884
0.4198 0.00463867 0.055481 0.905884
0.4198 0.00463867 0.055481 0.905884
0.42218 0.00445557 0.0552979 0.904846
0.42218 0.00445557 0.0552979 0.904846
0.423462 0.00415039 0.0554199 0.904236
0.426086 0.00390625 0.0553589 0.903015
0.426086 0.00390625 0.0553589 0.903015
0.429077 0.00390625 -6.10352e-05 -6.10352e-05
0.429077 0.00390625 0.0547485 0.901611
0.429077 0.00390625 0.0547485 0.901611
0.429749 0.00360107 0.0549316 0.901306
0.431885 0.00366211 0.0548096 0.900269
0.431885 0.00366211 0.0548096 0.900269
0.431885 0.00366211 0.0548096 0.900269
0.43457 0.00341797 0.0546875 0.898987
0.43457 0.00341797 0.0546875 0.898987
0.4375 0.00311279 0.0548096 0.897522
0.4375 0.00311279 0.0548096 0.897522
0.440063 0.00305176 0.0545654 0.896301
0.440063 0.00305176 0.0545654 0.896301
0.440063 0.00305176 0.0545654 0.896301
0.440063 0.00305176 0.0545654 0.896301
0.442444 0.00268555 0.0546265 0.895142
0.442444 0.00268555 0.0546265 0.895142
0.442444 0.00268555 0.0546265 0.895142
0.445374 0.00262451 0.0545044 0.893677
0.447693 0.00238037 0.0543213 0.892517
0.447693 0.00238037 0.0543213 0.892517
0.44989 0.00238037 0.0545654 0.891418
0.451904 0.00238037 0.0545044 0.890381
0.453613 0.00201416 0.0546265 0.889526
0.453613 0.00201416 0.0546265 0.889526
0.457703 0.00177002 0.0541992 0.887451
0.459534 0.00158691 0.0540161 0.886536
0.460083 0.00170898 0.0540161 0.88623
0.460083 0.00170898 0.0540161 0.88623
0.460083 0.00170898 0.0540161 0.88623
0.46051 0.0020752 0.0541992 0.885986
0.46051 0.0020752 0.0541992 0.885986
0.461609 0.00177002 0.0541382 0.885437
0.461609 0.00177002 0.0541382 0.885437
0.462769 0.00158691 0.0541992 0.884827
0.462769 0.00158691 0.0541992 0.884827
0.462769 0.00158691 0.0541992 0.884827
0.463989 0.00140381 0.053833 0.884216
0.464722 0.00128174 0.053833 0.883789
0.464722 0.00128174 0.053833 0.883789
0.464844 0.00146484 0.053894 0.883728
0.464844 0.00146484 0.053894 0.883728
0.464844 0.00164795 0.053833 0.883728
0.464844 0.00164795 0.053833 0.883728
0.464844 0.00164795 0.053833 0.883728
0.464905 0.00164795 0.0540771 0.883728
0.464905 0.00164795 0.0540771 0.883728
0.465027 0.00164795 0.0541382 0.883667
0.465027 0.00164795 0.0541382 0.883667
0.464661 0.00195312 0.0541992 0.883789
0.465759 0.00183105 0.0540771 0.88324
0.466919 0.00170898 0.053833 0.882629
0.466919 0.00170898 0.053833 0.882629
0.466614 0.00158691 0.0537109 0.882812
0.466614 0.00158691 0.0537109 0.882812
0.466614 0.00158691 0.0537109 0.882812
0.466858 0.00183105 0.053894 0.88269
0.466858 0.00183105 0.053894 0.88269
0.467407 0.00177002 0.0539551 0.882385
0.467407 0.00177002 0.0539551 0.882385
0.467834 0.00158691 0.0540161 0.882141
0.468323 0.00170898 0.0539551 0.881897
0.468323 0.00170898 0.0539551 0.881897
0.468323 0.00170898 0.0539551 0.881897
0.468445 0.00158691 0.053772 0.881836
0.468445 0.00158691 0.053772 0.881836
0.468628 0.00158691 0.053772 0.881775
0.468628 0.00158691 0.053772 0.881775
0.468628 0.00158691 0.053772 0.881775
0.469116 0.00158691 0.0536499 0.881531
0.469116 0.00158691 0.0536499 0.881531
0.46991 0.00146484 0.0537109 0.881104
0.46991 0.00146484 0.0537109 0.881104
0.472656 0.00115967 0.0537109 0.879578
0.47644 0.000732422 0.0535889 0.877563
0.47644 0.000732422 0.0535889 0.877563
0.481445 0.000183105 0.0533447 0.874817
0.481445 0.000183105 0.0533447 0.874817
0.487549 0 0.0529175 0.871521
0.487549 0 0.0529175 0.871521
0.489868 -0.000366211 0.0528564 0.870178
0.493591 -0.000366211 0.0528564 0.868042
0.493591 -0.000366211 0.0528564 0.868042
0.493591 -0.000366211 0.0528564 0.868042
0.493591 -0.000366211 0.0528564 0.868042
0.499512 -0.000915527 0.0525513 0.864746
0.499512 -0.000915527 0.0525513 0.864746
0.504639 -0.00134277 0.0524902 0.861694
0.50885 -0.00152588 0.0523682 0.859253
0.513 -0.00195312 0.0523071 0.856812
0.513 -0.00195312 0.0523071 0.856812
0.513 -0.00195312 0.0523071 0.856812
0.513 -0.00195312 0.0523071 0.856812
0.518372 -0.00238037 0.0521851 0.853516
0.518372 -0.00238037 0.0521851 0.853516
0.52417 -0.00299072 0.0517578 0.850037
0.52417 -0.00299072 0.0517578 0.850037
0.52417 -0.00299072 0.0517578 0.850037
0.529663 -0.00335693 0.0516968 0.846619
0.534973 -0.00360107 0.0515747 0.843323
0.534973 -0.00360107 0.0515747 0.843323
0.54071 -0.00402832 0.0515137 0.8396
0.54071 -0.00402832 0.0515137 0.8396
0.549377 -0.00476074 0.0509033 0.833984
0.549377 -0.00476074 0.0509033 0.833984
0.549377 -0.00476074 0.0509033 0.833984
0.551697 -0.00506592 0.0510864 0.832458
0.555298 -0.00500488 0.0509033 0.830078
0.555298 -0.00500488 0.0509033 0.830078
0.561951 -0.00561523 0.0505981 0.825623
0.561951 -0.00561523 0.0505981 0.825623
0.568787 -0.00653076 0.0502319 0.820923
0.568787 -0.00653076 0.0502319 0.820923
0.573853 -0.00671387 0.0499878 0.817383
0.573853 -0.00671387 0.0499878 0.817383
0.579346 -0.00720215 0.0496216 0.813538
0.579346 -0.00720215 0.0496216 0.813538
0.579346 -0.00720215 0.0496216 0.813538
0.585571 -0.00769043 0.0496216 0.809082
0.585571 -0.00769043 0.0496216 0.809082
0.591003 -0.00805664 0.0493164 0.805115
0.591003 -0.00805664 0.0493164 0.805115
0.595337 -0.00836182 0.0494995 0.801941
0.595337 -0.00836182 0.0494995 0.801941
0.595337 -0.00836182 0.0494995 0.801941
0.601501 -0.0088501 0.0493164 0.797302
0.606384 -0.00921631 0.0491333 0.793579
0.611145 -0.00964355 0.0487671 0.789978
0.611145 -0.00964355 0.0487671 0.789978
0.618408 -0.0101318 0.0482788 0.784302
0.624451 -0.0110474 0.0476685 0.77948
0.624451 -0.0110474 0.0476685 0.77948
0.629578 -0.0114746 0.0474243 0.775391
0.629578 -0.0114746 0.0474243 0.775391
0.636108 -0.0120239 0.046936 0.770081
0.636108 -0.0120239 0.046936 0.770081
0.643188 -0.0126953 0.0463867 0.764221
0.649048 -0.0131226 0.0457764 0.759216
0.649048 -0.0131226 0.0457764 0.759216
0.649048 -0.0131226 0.0457764 0.759216
0.654968 -0.0137329 0.0447388 0.754211
0.661621 -0.0144653 0.0441895 0.748352
0.661621 -0.0144653 0.0441895 0.748352
0.661621 -0.0144653 0.0441895 0.748352
0.667175 -0.0150757 0.0437622 0.743469
0.667175 -0.0150757 0.0437622 0.743469
0.667175 -0.0150757 0.0437622 0.743469
0.67334 -0.0155029 0.043457 0.737854
0.67334 -0.0155029 0.043457 0.737854
0.680237 -0.0163574 0.043457 0.731506
0.680237 -0.0163574 0.043457 0.731506
0.680237 -0.0163574 0.043457 0.731506
0.680237 -0.0163574 0.043457 0.731506
0.684448 -0.0167236 0.043396 0.7276
0.684448 -0.0167236 0.043396 0.7276
0.684448 -0.0167236 0.043396 0.7276
0.690918 -0.0172729 0.0430908 0.721436
0.690918 -0.0172729 0.0430908 0.721436
0.697998 -0.0180664 0.0425415 0.7146
0.701904 -0.0184937 0.0421143 0.710815
0.701904 -0.0184937 0.0421143 0.710815
0.707947 -0.0186157 0.041626 0.704773
0.707947 -0.0186157 0.041626 0.704773
0.715149 -0.0193481 0.0412598 0.69751
0.715149 -0.0193481 0.0412598 0.69751
0.715149 -0.0193481 0.0412598 0.69751
0.721191 -0.0197144 0.0413818 0.691223
0.727173 -0.0203857 0.0412598 0.684937
0.733704 -0.0210571 0.0415039 0.677856
0.733704 -0.0210571 0.0415039 0.677856
0.739868 -0.0217896 0.0411377 0.671143
0.739868 -0.0217896 0.0411377 0.671143
0.746338 -0.022583 0.0402222 0.66394
0.746338 -0.022583 0.0402222 0.66394
0.75238 -0.0231934 0.0393677 0.657104
0.757019 -0.0234985 0.0383911 0.651794
0.757019 -0.0234985 0.0383911 0.651794
0.761963 -0.0237427 0.0380859 0.646057
0.761963 -0.0237427 0.0380859 0.646057
0.761963 -0.0237427 0.0380859 0.646057
0.768677 -0.0244751 0.0379028 0.638062
0.774048 -0.0252075 0.0379028 0.63147
0.774048 -0.0252075 0.0379028 0.63147
0.777527 -0.0254517 0.038208 0.627197
0.777527 -0.0254517 0.038208 0.627197
0.777527 -0.0254517 0.038208 0.627197
0.783569 -0.026001 0.038147 0.619568
0.783569 -0.026001 0.038147 0.619568
0.783569 -0.026001 0.038147 0.619568
0.789429 -0.0268555 0.0376587 0.612061
0.793335 -0.0270996 0.0372314 0.606995
0.793335 -0.0270996 0.0372314 0.606995
0.793335 -0.0270996 0.0372314 0.606995
0.798218 -0.027832 0.036438 0.600647
0.798218 -0.027832 0.036438 0.600647
0.798218 -0.027832 0.036438 0.600647
0.798218 -0.027832 0.036438 0.600647
0.804321 -0.0289307 0.0357666 0.592407
0.804321 -0.0289307 0.0357666 0.592407
0.810303 -0.0299072 0.0348511 0.584167
0.815491 -0.0305786 0.0343628 0.576965
0.815491 -0.0305786 0.0343628 0.576965
0.82074 -0.031189 0.0337524 0.569458
0.82074 -0.031189 0.0337524 0.569458
0.825684 -0.0316162 0.0336304 0.562256
0.825684 -0.0316162 0.0336304 0.562256
0.830688 -0.0319824 0.0335083 0.55481
0.830688 -0.0319824 0.0335083 0.55481
0.83551 -0.0327759 0.0333862 0.547485
0.840515 -0.0338135 0.032959 0.539673
0.842896 -0.0337524 0.0328369 0.53595
0.842896 -0.0337524 0.0328369 0.53595
0.842896 -0.0337524 0.0328369 0.53595
0.848083 -0.0340576 0.0324097 0.527771
0.848083 -0.0340576 0.0324097 0.527771
0.848083 -0.0340576 0.0324097 0.527771
0.852051 -0.0341797 0.0321655 0.521301
0.852051 -0.0341797 0.0321655 0.521301
0.856018 -0.0343018 0.0319824 0.514832
0.856018 -0.0343018 0.0319824 0.514832
0.856018 -0.0343018 0.0319824 0.514832
0.861572 -0.0354004 0.031189 0.505432
0.861572 -0.0354004 0.031189 0.505432
0.867249 -0.0368652 0.0307007 0.495544
0.870483 -0.0377197 0.0299072 0.489807
0.870483 -0.0377197 0.0299072 0.489807
0.870483 -0.0377197 0.0299072 0.489807
0.875366 -0.038208 0.0292358 0.481018
0.875366 -0.038208 0.0292358 0.481018
0.880188 -0.0387573 0.0286255 0.472229
0.880188 -0.0387573 0.0286255 0.472229
0.884094 -0.0388794 0.0280151 0.464844
0.885803 -0.0387573 0.027832 0.46167
0.890686 -0.0395508 0.0275269 0.452087
0.891907 -0.0394897 0.0275269 0.449646
0.891907 -0.0394897 0.0275269 0.449646
0.893127 -0.0394287 0.0275879 0.447205
0.898315 -0.0401611 0.0269165 0.436707
0.898315 -0.0401611 0.0269165 0.436707
0.90155 -0.0402222 0.0265503 0.429993
0.90155 -0.0402222 0.0265503 0.429993
0.904602 -0.0403442 0.026123 0.423584
0.904602 -0.0403442 0.026123 0.423584
0.908264 -0.0408325 0.0257568 0.415588
0.911194 -0.0410767 0.0252075 0.409119
0.914368 -0.0415649 0.0247192 0.401978
0.914368 -0.0415649 0.0247192 0.401978
0.914368 -0.0415649 0.0247192 0.401978
0.917786 -0.0421143 0.024231 0.394165
0.917786 -0.0421143 0.024231 0.394165
0.920471 -0.0420532 0.0234985 0.387878
0.920471 -0.0420532 0.0234985 0.387878
0.920471 -0.0420532 0.0234985 0.387878
0.924438 -0.0424805 0.0227661 0.378235
0.924438 -0.0424805 0.0227661 0.378235
0.924438 -0.0424805 0.0227661 0.378235
0.928345 -0.043335 0.0219727 0.368591
0.930725 -0.0439453 0.0214233 0.362366
0.930725 -0.0439453 0.0214233 0.362366
0.930725 -0.0439453 0.0214233 0.362366
0.933472 -0.0439453 0.0217285 0.355286
0.933472 -0.0439453 0.0217285 0.355286
0.93811 -0.0446777 0.0217285 0.342834
0.93811 -0.0446777 0.0217285 0.342834
0.93811 -0.0446777 0.0217285 0.342834
0.940369 -0.0447388 0.0218506 0.336487
0.940369 -0.0447388 0.0218506 0.336487
0.940369 -0.0447388 0.0218506 0.336487
0.942078 -0.0450439 0.0212402 0.331665
0.942078 -0.0450439 0.0212402 0.331665
0.944702 -0.0457153 0.0206299 0.324036
0.947021 -0.0459595 0.0200806 0.3172
0.947021 -0.0459595 0.0200806 0.3172
0.948853 -0.0457153 0.0199585 0.311707
0.948853 -0.0457153 0.0199585 0.311707
0.95166 -0.0460205 0.0196533 0.30304
0.95166 -0.0460205 0.0196533 0.30304
0.953857 -0.0465088 0.019043 0.296021
0.953857 -0.0465088 0.019043 0.296021
0.955383 -0.0469971 0.0188599 0.291016
0.955383 -0.0469971 0.0188599 0.291016
0.957092 -0.0474243 0.0184937 0.285217
0.957092 -0.0474243 0.0184937 0.285217
0.957092 -0.0474243 0.0184937 0.285217
0.959839 -0.0480347 0.0182495 0.275696
0.959839 -0.0480347 0.0182495 0.275696
0.960938 -0.0480957 0.0179443 0.271851
0.960938 -0.0480957 0.0179443 0.271851
0.960938 -0.0480957 0.0179443 0.271851
0.962158 -0.0478516 0.0178223 0.267639
0.962158 -0.0478516 0.0178223 0.267639
0.964966 -0.0488892 0.0172119 0.257324
0.964966 -0.0488892 0.0172119 0.257324
0.964966 -0.0488892 0.0172119 0.257324
0.967102 -0.0494385 0.0162964 0.248901
0.967102 -0.0494385 0.0162964 0.248901
0.968811 -0.0501709 0.015625 0.242188
0.968811 -0.0501709 0.015625 0.242188
0.971313 -0.0514526 0.0145264 0.231812
0.971313 -0.0514526 0.0145264 0.231812
0.972656 -0.052124 0.0139771 0.22583
0.972656 -0.052124 0.0139771 0.22583
0.973816 -0.052063 0.0137939 0.220947
0.973816 -0.052063 0.0137939 0.220947
0.975708 -0.0522461 0.0134888 0.212341
0.975708 -0.0522461 0.0134888 0.212341
0.975708 -0.0522461 0.0134888 0.212341
0.977478 -0.0524292 0.0131226 0.204102
0.977478 -0.0524292 0.0131226 0.204102
0.977478 -0.0524292 0.0131226 0.204102
0.97998 -0.0527344 0.0122681 0.191467
0.97998 -0.0527344 0.0122681 0.191467
0.981567 -0.0531616 0.0117798 0.183289
0.98291 -0.0536499 0.0117188 0.175659
0.98291 -0.0536499 0.0117188 0.175659
0.983948 -0.0531616 0.0120239 0.170044
0.983948 -0.0531616 0.0120239 0.170044
0.985657 -0.0535278 0.012085 0.159729
0.985657 -0.0535278 0.012085 0.159729
0.986877 -0.0536499 0.0117188 0.152039
0.986877 -0.0536499 0.0117188 0.152039
0.987427 -0.0537109 0.0114136 0.148438
0.987427 -0.0537109 0.0114136 0.148438
0.988281 -0.0540161 0.0109863 0.142334
0.989319 -0.0544434 0.0105591 0.134827
0.989319 -0.0544434 0.0105591 0.134827
0.990051 -0.0544434 0.0098877 0.129517
0.990051 -0.0544434 0.0098877 0.129517
0.990051 -0.0544434 0.0098877 0.129517
0.990845 -0.0546265 0.00964355 0.123169
0.990845 -0.0546265 0.00964355 0.123169
0.991638 -0.0549927 0.00921631 0.116455
0.992188 -0.0549927 0.00860596 0.111511
0.992188 -0.0549927 0.00860596 0.111511
0.992798 -0.0549927 0.00823975 0.106262
0.99353 -0.0549927 0.00769043 0.0990601
0.99353 -0.0549927 0.00769043 0.0990601
0.99353 -0.0549927 0.00769043 0.0990601
0.994263 -0.055603 0.00720215 0.0909424
0.994263 -0.055603 0.00720215 0.0909424
0.994568 -0.0559692 0.00665283 0.0873413
0.994873 -0.0558472 0.00634766 0.0838623
0.994873 -0.0558472 0.00634766 0.0838623
0.995422 -0.0562744 0.00592041 0.0767822
0.995422 -0.0562744 0.00592041 0.0767822
0.995911 -0.0563965 0.00543213 0.0708008
0.995911 -0.0563965 0.00543213 0.0708008
0.996338 -0.0567627 0.0045166 0.0634766
0.996338 -0.0567627 0.0045166 0.0634766
0.996948 -0.0571899 0.00360107 0.0534668
0.996948 -0.0571899 0.00360107 0.0534668
0.997253 -0.0574341 0.00274658 0.046875
0.997253 -0.0574341 0.00274658 0.046875
0.997437 -0.0576782 0.0020752 0.0419312
0.997437 -0.0576782 0.0020752 0.0419312
0.997437 -0.0576782 0.0020752 0.0419312
0.99762 -0.0582275 0.00158691 0.0361938
0.997803 -0.0582275 0.00109863 0.0325928
0.997925 -0.0582275 0.000915527 0.0270996
0.998108 -0.0583496 0.000671387 0.0203247
0.998108 -0.0583496 0.000671387 0.0203247
0.998169 -0.0583496 0.000305176 0.0144653
0.99823 -0.0588989 -0.000244141 0.00854492
0.99823 -0.0587769 -0.000793457 0.00567627
0.99823 -0.059021 -0.0010376 0.000488281
0.99823 -0.0593262 -0.00128174 -0.00488281
0.998169 -0.0593262 -0.00152588 -0.00897217
0.998169 -0.0593262 -0.00152588 -0.00897217
0.998108 -0.0593262 -0.00201416 -0.0140991
0.998108 -0.0593262 -0.00201416 -0.0140991
0.998047 -0.0593262 -0.00250244 -0.0198364
0.997925 -0.0592041 -0.00274658 -0.0249634
0.997803 -0.059082 -0.00292969 -0.0305176
0.99762 -0.0592041 -0.00305176 -0.0353394
0.99762 -0.0592041 -0.00305176 -0.0353394
0.99762 -0.0592041 -0.00305176 -0.0353394
0.99762 -0.0592041 -0.00305176 -0.0353394
0.997498 -0.0593262 -0.00335693 -0.0391235
0.997314 -0.0593872 -0.00372314 -0.0423584
0.997314 -0.0593872 -0.00372314 -0.0423584
0.997314 -0.0593872 -0.00372314 -0.0423584
0.997314 -0.0593872 -0.00372314 -0.0423584
0.997192 -0.0595093 -0.00415039 -0.0458984
0.997192 -0.0595093 -0.00415039 -0.0458984
0.997192 -0.0595093 -0.00415039 -0.0458984
0.996887 -0.0597534 -0.00415039 -0.0515747
0.996887 -0.0597534 -0.00415039 -0.0515747
0.996887 -0.0597534 -0.00415039 -0.0515747
0.996887 -0.0597534 -0.00415039 -0.0515747
0.996765 -0.0596313 -0.00445557 -0.0532837
0.996765 -0.0596313 -0.00445557 -0.0532837
0.996765 -0.0596313 -0.00445557 -0.0532837
0.996765 -0.0596313 -0.00445557 -0.0532837
0.996765 -0.0596313 -0.00445557 -0.0532837
0.996338 -0.0598755 -0.00476074 -0.0606079
0.996338 -0.0598755 -0.00476074 -0.0606079
0.996338 -0.0598755 -0.00476074 -0.0606079
0.996155 -0.0599365 -0.00506592 -0.0634155
0.996155 -0.0599365 -0.00506592 -0.0634155
0.996155 -0.0599365 -0.00506592 -0.0634155
0.995972 -0.0599365 -0.00543213 -0.0661011
0.995728 -0.0599976 -0.0055542 -0.0701904
0.995728 -0.0599976 -0.0055542 -0.0701904
0.995728 -0.0599976 -0.0055542 -0.0701904
0.995728 -0.0599976 -0.0055542 -0.0701904
0.995483 -0.0600586 -0.00567627 -0.0733032
0.995483 -0.0600586 -0.00567627 -0.0733032
0.995178 -0.0602417 -0.00579834 -0.0769043
0.995178 -0.0602417 -0.00579834 -0.0769043
0.994934 -0.0602417 -0.00604248 -0.0800171
0.994934 -0.0602417 -0.00604248 -0.0800171
0.994568 -0.0601807 -0.00640869 -0.0844727
0.994568 -0.0601807 -0.00640869 -0.0844727
0.994568 -0.0601807 -0.00640869 -0.0844727
0.994202 -0.0603638 -0.00665283 -0.0886841
0.994202 -0.0603638 -0.00665283 -0.0886841
0.993896 -0.0603027 -0.00720215 -0.0918579
0.993896 -0.0603027 -0.00720215 -0.0918579
0.993896 -0.0603027 -0.00720215 -0.0918579
0.99353 -0.0601807 -0.00726318 -0.0963135
0.99353 -0.0601807 -0.00726318 -0.0963135
0.993164 -0.0606079 -0.00750732 -0.0996094
0.993164 -0.0606079 -0.00750732 -0.0996094
0.993164 -0.0606079 -0.00750732 -0.0996094
0.993042 -0.0603638 -0.00769043 -0.100708
0.993042 -0.0603638 -0.00769043 -0.100708
0.992737 -0.0605469 -0.00793457 -0.103699
0.992737 -0.0605469 -0.00793457 -0.103699
0.992737 -0.0605469 -0.00793457 -0.103699
0.992432 -0.060791 -0.00805664 -0.106506
0.992432 -0.060791 -0.00805664 -0.106506
0.992432 -0.060791 -0.00805664 -0.106506
0.992126 -0.0609131 -0.00817871 -0.108887
0.992126 -0.0609131 -0.00817871 -0.108887
0.991882 -0.0608521 -0.00848389 -0.111572
0.991882 -0.0608521 -0.00848389 -0.111572
0.991882 -0.0608521 -0.00848389 -0.111572
0.991577 -0.0608521 -0.00866699 -0.113953
0.991577 -0.0608521 -0.00866699 -0.113953
0.99115 -0.0608521 -0.00891113 -0.117493
0.99115 -0.0608521 -0.00891113 -0.117493
0.99115 -0.0608521 -0.00891113 -0.117493
0.990906 -0.0610352 -0.0090332 -0.119812
0.990906 -0.0610352 -0.0090332 -0.119812
0.990723 -0.0610352 -0.00909424 -0.12085
0.990723 -0.0610352 -0.00909424 -0.12085
0.990601 -0.0610352 -0.00933838 -0.122009
0.990173 -0.0611572 -0.00933838 -0.125183
0.990173 -0.0611572 -0.00933838 -0.125183
0.98999 -0.0614624 -0.00952148 -0.126465
0.990051 -0.0610352 -0.00958252 -0.126404
0.989807 -0.0612183 -0.00964355 -0.128052
0.989807 -0.0612183 -0.00964355 -0.128052
0.989624 -0.0615234 -0.00970459 -0.129578
0.989624 -0.0615234 -0.00970459 -0.129578
0.989441 -0.0615234 -0.00982666 -0.130737
0.989197 -0.0614624 -0.0100098 -0.132507
0.989197 -0.0614624 -0.0100098 -0.132507
0.988892 -0.0614014 -0.0101929 -0.134888
0.98877 -0.0613403 -0.0103149 -0.135864
0.98877 -0.0613403 -0.0103149 -0.135864
0.988586 -0.0614624 -0.0102539 -0.137268
0.988403 -0.0614624 -0.010437 -0.138306
0.988403 -0.0614624 -0.010437 -0.138306
0.988403 -0.0614624 -0.010437 -0.138306
0.988159 -0.0617065 -0.0107422 -0.139954
0.988159 -0.0617065 -0.0107422 -0.139954
0.987976 -0.0620117 -0.0109863 -0.141235
0.987976 -0.0620117 -0.0109863 -0.141235
0.987976 -0.0620117 -0.0113525 -0.141113
0.987793 -0.0620728 -0.0112305 -0.142273
0.987793 -0.0620728 -0.0112305 -0.142273
0.987915 -0.0620728 -0.0113525 -0.141724
0.987915 -0.0620728 -0.0113525 -0.141724
0.987915 -0.0620728 -0.0113525 -0.141724
0.987915 -0.0617676 -0.0114136 -0.141724
0.987915 -0.0617676 -0.0114136 -0.141724
0.987854 -0.0620117 -0.0114746 -0.142029
0.987854 -0.0620117 -0.0114746 -0.142029
0.987793 -0.0620728 -0.0115356 -0.142212
0.987793 -0.0619507 -0.0115967 -0.142273
0.987793 -0.0619507 -0.0115967 -0.142273
0.987793 -0.0619507 -0.0115967 -0.142456
0.987793 -0.0619507 -0.0115967 -0.142456
0.987793 -0.0618286 -0.0115967 -0.142334
0.987793 -0.0618286 -0.0115967 -0.142334
0.987793 -0.0618286 -0.0115967 -0.142334
0.987732 -0.0619507 -0.0115967 -0.142822
0.987854 -0.0617065 -0.0117188 -0.142273
0.987854 -0.0617065 -0.0117188 -0.142273
0.987549 -0.0621338 -0.0115967 -0.143982
0.987854 -0.0617676 -0.0117188 -0.141968
0.987793 -0.0616455 -0.0118408 -0.142395
0.987793 -0.0616455 -0.0118408 -0.142395
0.987671 -0.0618286 -0.0117798 -0.14325
0.987671 -0.0618286 -0.0117798 -0.14325
0.987732 -0.0620117 -0.0120239 -0.142578
0.987854 -0.0616455 -0.012085 -0.142212
0.987854 -0.0616455 -0.012085 -0.142212
0.987854 -0.0616455 -0.012085 -0.142212
0.987793 -0.0618896 -0.0119629 -0.142395
0.987793 -0.0618896 -0.0119629 -0.142395
0.987793 -0.0618896 -0.0119629 -0.142334
0.987793 -0.0618896 -0.0119629 -0.142334
0.987854 -0.0618286 -0.0119629 -0.141968
0.987854 -0.0618286 -0.0119629 -0.141968
0.987854 -0.0618286 -0.0119629 -0.141968
0.987915 -0.0617065 -0.0119629 -0.141541
0.987915 -0.0617065 -0.0119629 -0.141541
0.987915 -0.0617065 -0.0119629 -0.141541
0.988159 -0.0616455 -0.0118408 -0.140198
0.988159 -0.0616455 -0.0118408 -0.140198
0.988342 -0.0616455 -0.0116577 -0.138794
0.988342 -0.0616455 -0.0116577 -0.138794
0.988586 -0.0615234 -0.0115356 -0.137024
0.988586 -0.0615234 -0.0115356 -0.137024
0.988831 -0.0615845 -0.0112915 -0.135437
0.988831 -0.0615845 -0.0112915 -0.135437
0.988831 -0.0615845 -0.0112915 -0.135437
0.988953 -0.0615845 -0.0112915 -0.134277
0.988953 -0.0615845 -0.0112915 -0.134277
0.989319 -0.0614014 -0.0111084 -0.131653
0.989624 -0.0613403 -0.0112915 -0.129578
0.989624 -0.0613403 -0.0112915 -0.129578
0.989624 -0.0613403 -0.0112915 -0.129578
0.989624 -0.0616455 -0.0109253 -0.129456
0.989624 -0.0616455 -0.0109253 -0.129456
0.990173 -0.0614624 -0.0111694 -0.125305
0.990173 -0.0614624 -0.0111694 -0.125305
0.990479 -0.0613403 -0.0106201 -0.122986
0.990479 -0.0613403 -0.0106201 -0.122986
0.99054 -0.0614624 -0.0106812 -0.122314
0.990784 -0.0612183 -0.010498 -0.120178
0.991089 -0.0612183 -0.010437 -0.117981
0.991089 -0.0612183 -0.010437 -0.117981
0.991211 -0.0610962 -0.010376 -0.116638
0.991211 -0.0610962 -0.010376 -0.116638
0.991516 -0.0610962 -0.0101929 -0.11438
0.991516 -0.0610962 -0.0101929 -0.11438
0.991516 -0.0610962 -0.0101929 -0.11438
0.991699 -0.0610962 -0.0100708 -0.112488
0.991699 -0.0610962 -0.0100708 -0.112488
0.992004 -0.0609131 -0.00994873 -0.109802
0.992188 -0.0608521 -0.0100098 -0.108215
0.992188 -0.0608521 -0.0100098 -0.108215
0.992188 -0.0608521 -0.0100098 -0.108215
0.992493 -0.0606689 -0.00994873 -0.105713
0.992493 -0.0606689 -0.00994873 -0.105713
0.992798 -0.0606079 -0.0098877 -0.1026
0.992798 -0.0606079 -0.0098877 -0.1026
0.992798 -0.0610352 -0.00927734 -0.102417
0.992798 -0.0610352 -0.00927734 -0.102417
0.992798 -0.0610352 -0.00927734 -0.102417
0.993286 -0.0608521 -0.00946045 -0.0978394
0.993286 -0.0608521 -0.00946045 -0.0978394
0.993286 -0.0608521 -0.00946045 -0.0978394
0.99353 -0.0609131 -0.00878906 -0.095459
0.99353 -0.0609131 -0.00878906 -0.095459
0.99353 -0.0609131 -0.00878906 -0.095459
0.993652 -0.0609741 -0.00897217 -0.0941772
0.993652 -0.0609741 -0.00897217 -0.0941772
0.993896 -0.06073 -0.00878906 -0.0916748
0.993896 -0.06073 -0.00878906 -0.0916748
0.993896 -0.06073 -0.00878906 -0.0916748
0.994141 -0.0606689 -0.00866699 -0.0891113
0.994141 -0.0606689 -0.00866699 -0.0891113
0.994324 -0.0604858 -0.00854492 -0.0869751
0.994324 -0.0604858 -0.00854492 -0.0869751
0.994629 -0.0605469 -0.00811768 -0.0834961
0.994629 -0.0605469 -0.00811768 -0.0834961
0.994629 -0.0605469 -0.00811768 -0.0834961
0.994934 -0.0604858 -0.00793457 -0.0799561
0.994934 -0.0604858 -0.00793457 -0.0799561
0.9953 -0.0602417 -0.00769043 -0.0756836
0.995422 -0.0602417 -0.00756836 -0.0736084
0.995422 -0.0602417 -0.00756836 -0.0736084
0.995422 -0.0602417 -0.00756836 -0.0736084
0.995667 -0.0599976 -0.00744629 -0.0708618
0.995667 -0.0599976 -0.00744629 -0.0708618
0.996094 -0.0596924 -0.00689697 -0.0650024
0.996094 -0.0596924 -0.00689697 -0.0650024
0.996277 -0.0597534 -0.00701904 -0.0612793
0.996277 -0.0597534 -0.00701904 -0.0612793
0.996582 -0.0595703 -0.00640869 -0.0565186
0.996826 -0.0596313 -0.00622559 -0.0527344
0.996826 -0.0596313 -0.00622559 -0.0527344
0.996887 -0.0594482 -0.00610352 -0.0510254
0.996948 -0.0595703 -0.00604248 -0.0496826
0.997009 -0.0593872 -0.00598145 -0.0487061
0.997009 -0.0593872 -0.00598145 -0.0487061
0.997009 -0.0593872 -0.00598145 -0.0487061
0.99707 -0.0594482 -0.00592041 -0.0483398
0.99707 -0.0594482 -0.00592041 -0.0483398
0.99707 -0.0594482 -0.00592041 -0.0480347
0.99707 -0.0594482 -0.00592041 -0.0480347
0.99707 -0.0594482 -0.00592041 -0.0480347
0.99707 -0.0593872 -0.00592041 -0.0473633
0.99707 -0.0593872 -0.00592041 -0.0473633
0.997131 -0.0593262 -0.00567627 -0.0462036
0.997192 -0.0591431 -0.0055542 -0.045166
0.997192 -0.0591431 -0.0055542 -0.045166
0.997253 -0.059021 -0.00549316 -0.0438843
0.997253 -0.059021 -0.00549316 -0.0438843
0.997253 -0.059021 -0.00549316 -0.0438843
0.997375 -0.0588379 -0.0055542 -0.0422363
0.997375 -0.0588379 -0.0055542 -0.0422363
0.997375 -0.0588379 -0.0055542 -0.0422363
0.997314 -0.0592651 -0.00500488 -0.0426025
0.997437 -0.059082 -0.00524902 -0.0401611
0.997437 -0.059082 -0.00524902 -0.0401611
0.997498 -0.059082 -0.00469971 -0.038269
0.997498 -0.059082 -0.00469971 -0.038269
0.997559 -0.059021 -0.00488281 -0.0375366
0.997559 -0.059021 -0.00488281 -0.0375366
0.997559 -0.059021 -0.00482178 -0.0371094
0.997559 -0.059021 -0.00482178 -0.0371094
0.997559 -0.059021 -0.00482178 -0.0371094
0.997559 -0.0592041 -0.00482178 -0.0372925
0.997559 -0.0592041 -0.00482178 -0.0372925
0.997559 -0.0592041 -0.00469971 -0.0368042
0.997559 -0.0592041 -0.00469971 -0.0368042
0.99762 -0.059082 -0.0045166 -0.0358276
0.99762 -0.059082 -0.0045166 -0.0358276
0.99762 -0.0591431 -0.00439453 -0.0352783
0.997681 -0.0588989 -0.00439453 -0.0335693
0.997681 -0.0588989 -0.00439453 -0.0335693
0.997681 -0.0588989 -0.00439453 -0.0335693
0.997681 -0.059021 -0.00421143 -0.0328979
0.997681 -0.059021 -0.00421143 -0.0328979
0.997803 -0.0588989 -0.00421143 -0.0307007
0.997803 -0.0588989 -0.00421143 -0.0307007
0.997925 -0.0586548 -0.00402832 -0.0270386
0.997925 -0.05896 -0.00360107 -0.0263062
0.997925 -0.05896 -0.00360107 -0.0263062
0.998047 -0.0587769 -0.00366211 -0.0216675
0.998047 -0.0587769 -0.00366211 -0.0216675
0.998169 -0.0585938 -0.00280762 -0.015686
0.998169 -0.0585938 -0.00280762 -0.015686
0.998169 -0.0585938 -0.00280762 -0.015686
0.99823 -0.0583496 -0.00268555 -0.0114746
0.99823 -0.0583496 -0.00268555 -0.0114746
0.99823 -0.0583496 -0.00244141 -0.00927734
0.99823 -0.0583496 -0.00244141 -0.00927734
0.998291 -0.0583496 -0.0022583 -0.00537109
0.998291 -0.0583496 -0.0022583 -0.00537109
0.998291 -0.0579224 -0.00183105 0.000427246
0.998291 -0.0579224 -0.00183105 0.000427246
0.998291 -0.0579224 -0.00146484 0.00531006
0.998291 -0.0579224 -0.00146484 0.00531006
0.998291 -0.0579224 -0.00128174 0.00952148
0.998291 -0.0579224 -0.00128174 0.00952148
0.99823 -0.0575562 -0.000671387 0.0158081
0.99823 -0.0575562 -0.000671387 0.0158081
0.998108 -0.057312 -0.000183105 0.0221558
0.998108 -0.057312 -0.000183105 0.0221558
0.997925 -0.0571289 0.000183105 0.0289307
0.997925 -0.0571289 0.000183105 0.0289307
0.997925 -0.0571289 0.000183105 0.0289307
0.997742 -0.0570679 0.000549316 0.0354004
0.997742 -0.0570679 0.000549316 0.0354004
0.997498 -0.0568848 0.0010376 0.0423584
0.997498 -0.0568848 0.0010376 0.0423584
0.997192 -0.0567017 0.00140381 0.0490112
0.997192 -0.0567017 0.00140381 0.0490112
0.996948 -0.0565186 0.0022583 0.0541382
0.996948 -0.0565186 0.0022583 0.0541382
0.996521 -0.0563965 0.00268555 0.0613403
0.996521 -0.0563965 0.00268555 0.0613403
0.996094 -0.0559692 0.00317383 0.0679932
0.996094 -0.0559692 0.00317383 0.0679932
0.996094 -0.0559692 0.00317383 0.0679932
0.995605 -0.0559082 0.00323486 0.074707
0.995605 -0.0559082 0.00323486 0.074707
0.995178 -0.0557251 0.00354004 0.0807495
0.995178 -0.0557251 0.00354004 0.0807495
0.994629 -0.055603 0.00390625 0.0871582
0.994629 -0.055603 0.00390625 0.0871582
0.994629 -0.055603 0.00390625 0.0871582
0.99408 -0.0552979 0.00439453 0.0935059
0.99408 -0.0552979 0.00439453 0.0935059
0.993469 -0.0550537 0.00482178 0.100037
0.993469 -0.0550537 0.00482178 0.100037
0.993469 -0.0550537 0.00482178 0.100037
0.993469 -0.0550537 0.00482178 0.100037
0.992737 -0.0546265 0.00524902 0.107056
0.992737 -0.0546265 0.00524902 0.107056
0.992065 -0.0543823 0.00567627 0.113403
0.992065 -0.0543823 0.00567627 0.113403
0.991211 -0.0541382 0.00592041 0.120605
0.991211 -0.0541382 0.00592041 0.120605
0.990112 -0.0532837 0.00610352 0.129395
0.990112 -0.0532837 0.00610352 0.129395
0.990112 -0.0532837 0.00610352 0.129395
0.989319 -0.0526123 0.00628662 0.135864
0.989319 -0.0526123 0.00628662 0.135864
0.989319 -0.0526123 0.00628662 0.135864
0.98877 -0.0528564 0.00689697 0.139587
0.98877 -0.0528564 0.00689697 0.139587
0.98877 -0.0528564 0.00689697 0.139587
0.987366 -0.0526123 0.00769043 0.149475
0.987366 -0.0526123 0.00769043 0.149475
0.986206 -0.052124 0.00848389 0.157043
0.986206 -0.052124 0.00848389 0.157043
0.986206 -0.052124 0.00848389 0.157043
0.985474 -0.052124 0.0090332 0.161316
0.985474 -0.052124 0.0090332 0.161316
0.985474 -0.052124 0.0090332 0.161316
0.984192 -0.0517578 0.00994873 0.16925
0.984192 -0.0517578 0.00994873 0.16925
0.982361 -0.0510864 0.0109253 0.179688
0.982361 -0.0510864 0.0109253 0.179688
0.982361 -0.0510864 0.0109253 0.179688
0.981079 -0.0509644 0.0117798 0.186279
0.981079 -0.0509644 0.0117798 0.186279
0.979858 -0.0507202 0.0124512 0.19281
0.979858 -0.0507202 0.0124512 0.19281
0.978271 -0.0504761 0.0132446 0.2005
0.978271 -0.0504761 0.0132446 0.2005
0.978271 -0.0504761 0.0132446 0.2005
0.976562 -0.0499268 0.0136719 0.208801
0.976562 -0.0499268 0.0136719 0.208801
0.976562 -0.0499268 0.0136719 0.208801
0.976562 -0.0499268 0.0136719 0.208801
0.975159 -0.0494995 0.0142212 0.215393
0.975159 -0.0494995 0.0142212 0.215393
0.973267 -0.048645 0.0148926 0.223938
0.973267 -0.048645 0.0148926 0.223938
0.97052 -0.046936 0.015625 0.23584
0.97052 -0.046936 0.015625 0.23584
0.968567 -0.0452271 0.0168457 0.24408
0.968567 -0.0452271 0.0168457 0.24408
0.968567 -0.0452271 0.0168457 0.24408
0.968567 -0.0452271 0.0168457 0.24408
0.966492 -0.0435181 0.017334 0.25238
0.964355 -0.0424805 0.0181885 0.260559
0.964355 -0.0424805 0.0181885 0.260559
0.964355 -0.0424805 0.0181885 0.260559
0.96283 -0.0425415 0.0184326 0.266113
0.96283 -0.0425415 0.0184326 0.266113
0.960754 -0.0428467 0.0188599 0.273438
0.960754 -0.0428467 0.0188599 0.273438
0.958008 -0.0426025 0.0195312 0.282959
0.958008 -0.0426025 0.0195312 0.282959
0.958008 -0.0426025 0.0195312 0.282959
0.958008 -0.0426025 0.0195312 0.282959
0.955994 -0.0424194 0.0200195 0.289612
0.955994 -0.0424194 0.0200195 0.289612
0.955994 -0.0424194 0.0200195 0.289612
0.953674 -0.0421143 0.020752 0.297058
0.950806 -0.041626 0.0213623 0.306213
0.950806 -0.041626 0.0213623 0.306213
0.950806 -0.041626 0.0213623 0.306213
0.948242 -0.0414429 0.0220337 0.314026
0.948242 -0.0414429 0.0220337 0.314026
0.948242 -0.0414429 0.0220337 0.314026
0.945801 -0.0412598 0.022522 0.321228
0.945801 -0.0412598 0.022522 0.321228
0.945801 -0.0412598 0.022522 0.321228
0.942871 -0.0404663 0.0230103 0.329834
0.940186 -0.0396118 0.0235596 0.337463
0.940186 -0.0396118 0.0235596 0.337463
0.937073 -0.0385742 0.0240479 0.34613
0.937073 -0.0385742 0.0240479 0.34613
0.937073 -0.0385742 0.0240479 0.34613
0.933777 -0.0375366 0.0249023 0.35498
0.933777 -0.0375366 0.0249023 0.35498
0.929199 -0.0356445 0.0255127 0.366882
0.929199 -0.0356445 0.0255127 0.366882
0.926758 -0.0346069 0.0261841 0.373169
0.924988 -0.0345459 0.0266113 0.377441
0.924988 -0.0345459 0.0266113 0.377441
0.924988 -0.0345459 0.0266113 0.377441
0.921021 -0.0341797 0.0274048 0.387085
0.917725 -0.0341797 0.027832 0.394775
0.917725 -0.0341797 0.027832 0.394775
0.917725 -0.0341797 0.027832 0.394775
0.915344 -0.0342407 0.0281982 0.400269
0.915344 -0.0342407 0.0281982 0.400269
0.911926 -0.0337524 0.0286865 0.407959
0.911926 -0.0337524 0.0286865 0.407959
0.908386 -0.0332031 0.0291138 0.415771
0.908386 -0.0332031 0.0291138 0.415771
0.908386 -0.0332031 0.0291138 0.415771
0.905396 -0.0335083 0.029541 0.422241
0.905396 -0.0335083 0.029541 0.422241
0.900757 -0.0336304 0.0302734 0.432007
0.900757 -0.0336304 0.0302734 0.432007
0.895996 -0.0338135 0.0309448 0.441711
0.895996 -0.0338135 0.0309448 0.441711
0.895996 -0.0338135 0.0309448 0.441711
0.891602 -0.0343018 0.031189 0.4505
0.891602 -0.0343018 0.031189 0.4505
0.887695 -0.0348511 0.0314941 0.458069
0.887695 -0.0348511 0.0314941 0.458069
0.882874 -0.0346069 0.0317383 0.467285
0.882874 -0.0346069 0.0317383 0.467285
0.878784 -0.0335083 0.0322876 0.474915
0.878784 -0.0335083 0.0322876 0.474915
0.876343 -0.0325928 0.0324097 0.479492
0.876343 -0.0325928 0.0324097 0.479492
0.876343 -0.0325928 0.0324097 0.479492
0.876343 -0.0325928 0.0324097 0.479492
0.872559 -0.0317993 0.0328979 0.486328
0.872559 -0.0317993 0.0328979 0.486328
0.867615 -0.0311279 0.0333862 0.495117
0.867615 -0.0311279 0.0333862 0.495117
0.867615 -0.0311279 0.0333862 0.495117
0.86377 -0.0310059 0.0338745 0.501831
0.859375 -0.0306396 0.0346069 0.509277
0.859375 -0.0306396 0.0346069 0.509277
0.854858 -0.0300903 0.0350952 0.516785
0.854858 -0.0300903 0.0350952 0.516785
0.854858 -0.0300903 0.0350952 0.516785
0.854858 -0.0300903 0.0350952 0.516785
0.849915 -0.0293579 0.0356445 0.524963
0.846313 -0.0291138 0.0358276 0.53064
0.846313 -0.0291138 0.0358276 0.53064
0.846313 -0.0291138 0.0358276 0.53064
0.841797 -0.0288086 0.036438 0.537842
0.834473 -0.0274658 0.0371704 0.549072
0.834473 -0.0274658 0.0371704 0.549072
0.829163 -0.0262451 0.0380249 0.557129
0.829163 -0.0262451 0.0380249 0.557129
0.829163 -0.0262451 0.0380249 0.557129
0.825439 -0.0255127 0.0383911 0.562561
0.825439 -0.0255127 0.0383911 0.562561
0.825439 -0.0255127 0.0383911 0.562561
0.821045 -0.0244141 0.0388184 0.569031
0.821045 -0.0244141 0.0388184 0.569031
0.81665 -0.0241699 0.0389404 0.575317
0.81665 -0.0241699 0.0389404 0.575317
0.81189 -0.0241699 0.0393066 0.582031
0.81189 -0.0241699 0.0393066 0.582031
0.81189 -0.0241699 0.0393066 0.582031
0.806213 -0.0236816 0.0397339 0.589783
0.806213 -0.0236816 0.0397339 0.589783
0.801331 -0.0228882 0.0401611 0.596436
0.801331 -0.0228882 0.0401611 0.596436
0.801331 -0.0228882 0.0401611 0.596436
0.796997 -0.0222168 0.0405884 0.602173
0.796997 -0.0222168 0.0405884 0.602173
0.79187 -0.0213623 0.0408325 0.608948
0.79187 -0.0213623 0.0408325 0.608948
0.79187 -0.0213623 0.0408325 0.608948
0.787231 -0.0209961 0.0408936 0.614929
0.787231 -0.0209961 0.0408936 0.614929
0.782776 -0.0209351 0.0410767 0.620605
0.782776 -0.0209351 0.0410767 0.620605
0.782776 -0.0209351 0.0410767 0.620605
0.775757 -0.0203247 0.0415039 0.629333
0.775757 -0.0203247 0.0415039 0.629333
0.775757 -0.0203247 0.0415039 0.629333
0.771606 -0.0199585 0.041626 0.63446
0.771606 -0.0199585 0.041626 0.63446
0.771606 -0.0199585 0.041626 0.63446
0.766541 -0.0194702 0.0419922 0.640503
0.766541 -0.0194702 0.0419922 0.640503
0.759766 -0.019043 0.0423584 0.64856
0.759766 -0.019043 0.0423584 0.64856
0.759766 -0.019043 0.0423584 0.64856
0.754211 -0.0188599 0.0427246 0.655029
0.754211 -0.0188599 0.0427246 0.655029
0.750122 -0.0189819 0.0427246 0.659607
0.750122 -0.0189819 0.0427246 0.659607
0.750122 -0.0189819 0.0427246 0.659607
0.744202 -0.0183105 0.0430908 0.666321
0.744202 -0.0183105 0.0430908 0.666321
0.737671 -0.0172729 0.0432739 0.673523
0.737671 -0.0172729 0.0432739 0.673523
0.737671 -0.0172729 0.0432739 0.673523
0.730042 -0.0153809 0.0437622 0.681824
0.730042 -0.0153809 0.0437622 0.681824
0.730042 -0.0153809 0.0437622 0.681824
0.722595 -0.0134888 0.0441284 0.689758
0.722595 -0.0134888 0.0441284 0.689758
0.722595 -0.0134888 0.0441284 0.689758
0.71936 -0.0125122 0.0442505 0.693115
0.71936 -0.0125122 0.0442505 0.693115
0.714966 -0.0126343 0.0444946 0.697571
0.714966 -0.0126343 0.0444946 0.697571
0.714966 -0.0126343 0.0444946 0.697571
0.707458 -0.0123291 0.0447998 0.7052
0.707458 -0.0123291 0.0447998 0.7052
0.701599 -0.0124512 0.0449829 0.71106
0.701599 -0.0124512 0.0449829 0.71106
0.701599 -0.0124512 0.0449829 0.71106
0.698608 -0.0128784 0.0449829 0.713989
0.698608 -0.0128784 0.0449829 0.713989
0.698608 -0.0128784 0.0449829 0.713989
0.689392 -0.0126343 0.0454712 0.722839
0.689392 -0.0126343 0.0454712 0.722839
0.689392 -0.0126343 0.0454712 0.722839
0.682739 -0.0122681 0.0459595 0.729126
0.682739 -0.0122681 0.0459595 0.729126
0.679565 -0.0122681 0.0461426 0.732056
0.679565 -0.0122681 0.0461426 0.732056
0.679565 -0.0122681 0.0461426 0.732056
0.673767 -0.0114136 0.0465088 0.737427
0.673767 -0.0114136 0.0465088 0.737427
0.66748 -0.010498 0.0465088 0.743103
0.66748 -0.010498 0.0465088 0.743103
0.66748 -0.010498 0.0465088 0.743103
0.663757 -0.010437 0.0465088 0.74646
0.663757 -0.010437 0.0465088 0.74646
0.663757 -0.010437 0.0465088 0.74646
0.663757 -0.010437 0.0465088 0.74646
0.658325 -0.0101929 0.046814 0.751221
0.658325 -0.0101929 0.046814 0.751221
0.651917 -0.00958252 0.0467529 0.756836
0.651917 -0.00958252 0.0467529 0.756836
0.646912 -0.00927734 0.0473022 0.761047
0.646912 -0.00927734 0.0473022 0.761047
0.642883 -0.0088501 0.0473633 0.764465
0.642883 -0.0088501 0.0473633 0.764465
0.642883 -0.0088501 0.0473633 0.764465
0.636597 -0.00811768 0.0476685 0.769653
0.636597 -0.00811768 0.0476685 0.769653
0.636597 -0.00811768 0.0476685 0.769653
0.63031 -0.00769043 0.0480347 0.774841
0.63031 -0.00769043 0.0480347 0.774841
0.63031 -0.00769043 0.0480347 0.774841
0.627075 -0.00738525 0.0482178 0.777405
0.627075 -0.00738525 0.0482178 0.777405
0.623047 -0.00732422 0.0480347 0.780701
0.623047 -0.00732422 0.0480347 0.780701
0.623047 -0.00732422 0.0480347 0.780701
0.615662 -0.00646973 0.048584 0.786499
0.615662 -0.00646973 0.048584 0.786499
0.611572 -0.00592041 0.0484619 0.789673
0.611572 -0.00592041 0.0484619 0.789673
0.611572 -0.00592041 0.0484619 0.789673
0.6073 -0.00579834 0.0487061 0.792969
0.6073 -0.00579834 0.0487061 0.792969
0.6073 -0.00579834 0.0487061 0.792969
0.600525 -0.00518799 0.0491333 0.798096
0.600525 -0.00518799 0.0491333 0.798096
0.59491 -0.00482178 0.0491333 0.802246
0.59491 -0.00482178 0.0491333 0.802246
0.59491 -0.00482178 0.0491333 0.802246
0.590942 -0.00476074 0.0498047 0.805176
0.590942 -0.00476074 0.0498047 0.805176
0.590942 -0.00476074 0.0498047 0.805176
0.584778 -0.00457764 0.0501709 0.809631
0.584778 -0.00457764 0.0501709 0.809631
0.584778 -0.00457764 0.0501709 0.809631
0.584778 -0.00457764 0.0501709 0.809631
0.578491 -0.0043335 0.0505371 0.814087
0.578491 -0.0043335 0.0505371 0.814087
0.574768 -0.00427246 0.0509033 0.816711
0.574768 -0.00427246 0.0509033 0.816711
0.569641 -0.00335693 0.0508423 0.820312
0.569641 -0.00335693 0.0508423 0.820312
0.569641 -0.00335693 0.0508423 0.820312
0.562744 -0.00195312 0.0511475 0.825073
0.562744 -0.00195312 0.0511475 0.825073
0.562744 -0.00195312 0.0511475 0.825073
0.557434 -0.000671387 0.0515747 0.828613
0.557434 -0.000671387 0.0515747 0.828613
0.557434 -0.000671387 0.0515747 0.828613
0.550354 0.000610352 0.0519409 0.833313
0.550354 0.000610352 0.0519409 0.833313
0.543762 0.00158691 0.0525513 0.837585
0.543762 0.00158691 0.0525513 0.837585
0.543762 0.00158691 0.0525513 0.837585
0.540894 0.00189209 0.0529785 0.839417
0.540894 0.00189209 0.0529785 0.839417
0.540894 0.00189209 0.0529785 0.839417
0.536865 0.00170898 0.0530396 0.84198
0.536865 0.00170898 0.0530396 0.84198
0.531616 0.00231934 0.0530396 0.845337
0.531616 0.00231934 0.0530396 0.845337
0.531616 0.00231934 0.0530396 0.845337
0.528687 0.00268555 0.0526123 0.847229
0.528687 0.00268555 0.0526123 0.847229
0.528687 0.00268555 0.0526123 0.847229
0.524353 0.00341797 0.0526123 0.849854
0.524353 0.00341797 0.0526123 0.849854
0.519165 0.00396729 0.0524292 0.853027
0.519165 0.00396729 0.0524292 0.853027
0.519165 0.00396729 0.0524292 0.853027
0.514526 0.00396729 0.0527344 0.855835
0.514526 0.00396729 0.0527344 0.855835
0.514526 0.00396729 0.0527344 0.855835
0.509888 0.00390625 0.0530396 0.858582
0.509888 0.00390625 0.0530396 0.858582
0.509888 0.00390625 0.0530396 0.858582
0.503906 0.00421143 0.0534058 0.862122
0.503906 0.00421143 0.0534058 0.862122
0.499146 0.00445557 0.053772 0.864807
0.499146 0.00445557 0.053772 0.864807
0.497314 0.00482178 0.053772 0.865906
0.497314 0.00482178 0.053772 0.865906
0.492249 0.00512695 0.053833 0.868774
0.492249 0.00512695 0.053833 0.868774
0.492249 0.00512695 0.053833 0.868774
0.486572 0.0055542 0.053833 0.871948
0.486572 0.0055542 0.053833 0.871948
0.486572 0.0055542 0.053833 0.871948
0.483948 0.00543213 0.0536499 0.873474
0.483948 0.00543213 0.0536499 0.873474
0.479065 0.00463867 0.053833 0.876099
0.479065 0.00463867 0.053833 0.876099
0.473206 0.00445557 0.0540161 0.879272
0.473206 0.00445557 0.0540161 0.879272
0.473206 0.00445557 0.0540161 0.879272
0.473206 0.00445557 0.0540161 0.879272
0.46936 0.00445557 0.0539551 0.881348
0.46936 0.00445557 0.0539551 0.881348
0.465881 0.00494385 0.0539551 0.883179
0.465881 0.00494385 0.0539551 0.883179
0.461182 0.00567627 0.0536499 0.88562
0.461182 0.00567627 0.0536499 0.88562
0.456543 0.00579834 0.0537109 0.888062
0.456543 0.00579834 0.0537109 0.888062
0.453186 0.00567627 0.0541382 0.889771
0.453186 0.00567627 0.0541382 0.889771
0.453186 0.00567627 0.0541382 0.889771
0.449585 0.0057373 0.0543823 0.891541
0.449585 0.0057373 0.0543823 0.891541
0.445923 0.00628662 0.0548706 0.893372
0.445923 0.00628662 0.0548706 0.893372
0.443542 0.0065918 0.0548706 0.894592
0.443542 0.0065918 0.0548706 0.894592
0.439819 0.00708008 0.0546265 0.896423
0.439819 0.00708008 0.0546265 0.896423
0.434509 0.00732422 0.0546265 0.898987
0.432495 0.00775146 0.0546875 0.899963
0.432495 0.00775146 0.0546875 0.899963
0.432495 0.00775146 0.0546875 0.899963
0.430237 0.00775146 0.0548096 0.901001
0.430237 0.00775146 0.0548096 0.901001
0.426636 0.00817871 0.0551147 0.90271
0.426636 0.00817871 0.0551147 0.90271
0.426636 0.00817871 0.0551147 0.90271
0.424194 0.00830078 0.0550537 0.90387
0.424194 0.00830078 0.0550537 0.90387
0.422119 0.00830078 0.0551758 0.904785
0.422119 0.00830078 0.0551758 0.904785
0.422119 0.00830078 0.0551758 0.904785
0.419067 0.00860596 0.0550537 0.90625
0.419067 0.00860596 0.0550537 0.90625
0.419067 0.00860596 0.0550537 0.90625
0.416748 0.00866699 0.0549316 0.907349
0.416748 0.00866699 0.0549316 0.907349
0.416748 0.00866699 0.0549316 0.907349
0.414246 0.00891113 0.0552368 0.908447
0.414246 0.00891113 0.0552368 0.908447
0.411499 0.0090332 0.0551758 0.909668
0.411499 0.0090332 0.0551758 0.909668
0.40918 0.00952148 0.055481 0.910706
0.40918 0.00952148 0.055481 0.910706
0.40918 0.00952148 0.055481 0.910706
0.407166 0.00952148 0.055481 0.911621
0.407166 0.00952148 0.055481 0.911621
0.407166 0.00952148 0.055481 0.911621
0.405823 0.00964355 0.0552368 0.912231
0.405823 0.00964355 0.0552368 0.912231
0.405823 0.00964355 0.0552368 0.912231
0.402405 0.00958252 0.0552979 0.913757
0.402405 0.00958252 0.0552979 0.913757
0.399963 0.00970459 0.0553589 0.914795
0.399963 0.00970459 0.0553589 0.914795
0.398376 0.0101318 0.0554199 0.915466
0.398376 0.0101318 0.0554199 0.915466
0.398376 0.0101318 0.0554199 0.915466
0.39563 0.0101318 0.055542 0.916687
0.39563 0.0101318 0.055542 0.916687
0.39563 0.0101318 0.055542 0.916687
0.392944 0.010498 0.0557251 0.917786
0.392944 0.010498 0.0557251 0.917786
0.392944 0.010498 0.0557251 0.917786
0.391113 0.0105591 0.0557861 0.918579
0.391113 0.0105591 0.0557861 0.918579
0.389343 0.0106201 0.0559082 0.919312
0.389343 0.0106201 0.0559082 0.919312
0.387146 0.0108032 0.0559692 0.920288
0.387146 0.0108032 0.0559692 0.920288
0.387146 0.0108032 0.0559692 0.920288
0.38501 0.0109863 0.0561523 0.921143
0.38501 0.0109863 0.0561523 0.921143
0.383789 0.0111694 0.0563965 0.921631
0.383789 0.0111694 0.0563965 0.921631
0.383789 0.0111694 0.0563965 0.921631
0.382751 0.0112305 0.0563965 0.922058
0.382751 0.0112305 0.0563965 0.922058
0.382751 0.0112305 0.0563965 0.922058
0.381104 0.0117188 0.0565796 0.922729
0.381104 0.0117188 0.0565796 0.922729
0.38031 0.0115356 0.0563965 0.923096
0.38031 0.0115356 0.0563965 0.923096
0.380005 0.0117188 0.0562134 0.923218
0.380005 0.0117188 0.0562134 0.923218
0.380005 0.0117188 0.0562134 0.923218
0.37738 0.0115356 0.0561523 0.924316
0.37738 0.0115356 0.0561523 0.924316
0.37738 0.0115356 0.0561523 0.924316
0.376892 0.0118408 0.0562134 0.9245
0.376892 0.0118408 0.0562134 0.9245
0.37677 0.0120239 0.0562134 0.9245
0.37677 0.0120239 0.0562134 0.9245
0.376099 0.0119019 0.0562744 0.924805
0.376099 0.0119019 0.0562744 0.924805
0.376099 0.0119019 0.0562744 0.924805
0.376282 0.0119629 0.0563354 0.924683
0.376282 0.0119629 0.0563354 0.924683
0.376282 0.0119629 0.0563354 0.924683
0.376038 0.0117798 0.0562744 0.924805
0.376038 0.0117798 0.0562744 0.924805
0.376038 0.0117798 0.0562744 0.924805
0.376221 0.0119629 0.0563354 0.924744
0.376221 0.0119629 0.0563354 0.924744
0.376221 0.0119629 0.0563354 0.924744
