0.111641 0.0351207 2.30875 
0.111641 0.0351207 2.30875 
0.11153 0.0353665 2.30827 
0.11153 0.0353665 2.30827 
0.11153 0.0353665 2.30827 
0.11153 0.0353665 2.30827 
0.11153 0.0353665 2.30827 
0.111711 0.0355618 2.30858 
0.111711 0.0355618 2.30858 
0.111706 0.035584 2.30822 
0.111706 0.035584 2.30822 
0.111676 0.0359457 2.3086 
0.111917 0.0354034 2.3083 
0.111917 0.0354034 2.3083 
0.111917 0.0354034 2.3083 
0.111659 0.035371 2.30912 
0.111659 0.035371 2.30912 
0.112028 0.0354457 2.30838 
0.112028 0.0354457 2.30838 
0.11208 0.0350167 2.3092 
0.11208 0.0350167 2.3092 
0.112313 0.035403 2.30896 
0.112313 0.035403 2.30896 
0.112292 0.0360664 2.30893 
0.112292 0.0360664 2.30893 
0.111717 0.0355468 2.30886 
0.111717 0.0355468 2.30886 
0.111934 0.0356156 2.31136 
0.111934 0.0356156 2.31136 
0.111934 0.0356156 2.31136 
0.111786 0.0353611 2.31013 
0.111719 0.0352224 2.30976 
0.111719 0.0352224 2.30976 
0.111719 0.0352224 2.30976 
0.111746 0.0357671 2.3098 
0.111746 0.0357671 2.3098 
0.111746 0.0357671 2.3098 
0.111782 0.0353904 2.3097 
0.111782 0.0353904 2.3097 
0.111795 0.0356485 2.30987 
0.111795 0.0356485 2.30987 
0.112001 0.035497 2.30951 
0.111793 0.0353532 2.31034 
0.111793 0.0353532 2.31034 
0.112064 0.0356579 2.30953 
0.112064 0.0356579 2.30953 
0.112118 0.0355242 2.30988 
0.112118 0.0355242 2.30988 
0.112141 0.0360912 2.30956 
0.112141 0.0360912 2.30956 
0.111743 0.0367493 2.30484 
0.111743 0.0367493 2.30484 
0.111168 0.0368623 2.30325 
0.111168 0.0368623 2.30325 
0.110965 0.0376619 2.29977 
0.110965 0.0376619 2.29977 
0.110965 0.0376619 2.29977 
0.111037 0.0375657 2.29553 
0.111037 0.0375657 2.29553 
0.111037 0.0375657 2.29553 
0.110569 0.0383454 2.29259 
0.110607 0.038913 2.2882 
0.110607 0.038913 2.2882 
0.110607 0.038913 2.2882 
0.109744 0.039362 2.28551 
0.109744 0.039362 2.28551 
0.109617 0.0399883 2.28113 
0.109001 0.0405195 2.27469 
0.109001 0.0405195 2.27469 
0.108783 0.0410271 2.27149 
0.108724 0.0414971 2.2658 
0.108724 0.0414971 2.2658 
0.108441 0.0424308 2.26181 
0.108441 0.0424308 2.26181 
0.107897 0.0436411 2.25582 
0.107897 0.0436411 2.25582 
0.107897 0.0436411 2.25582 
0.106849 0.0439068 2.24808 
0.106849 0.0439068 2.24808 
0.106849 0.0439068 2.24808 
0.106483 0.0446961 2.24576 
0.106803 0.0446163 2.24088 
0.106803 0.0446163 2.24088 
0.106075 0.0453223 2.23495 
0.106084 0.0461667 2.23034 
0.106084 0.0461667 2.23034 
0.106084 0.0461667 2.23034 
0.105301 0.0466833 2.22476 
0.105023 0.0472761 2.21979 
0.105023 0.0472761 2.21979 
0.104784 0.0475008 2.21439 
0.104784 0.0475008 2.21439 
0.104646 0.0478028 2.21079 
0.104646 0.0478028 2.21079 
0.103819 0.0483955 2.20363 
0.103819 0.0483955 2.20363 
0.103855 0.0491389 2.20082 
0.103855 0.0491389 2.20082 
0.103316 0.0496753 2.19675 
0.103316 0.0496753 2.19675 
0.102903 0.0502398 2.18898 
0.102903 0.0502398 2.18898 
0.102037 0.0506004 2.1828 
0.102037 0.0506004 2.1828 
0.101837 0.0509853 2.17944 
0.101109 0.0510614 2.17441 
0.100895 0.0520147 2.16862 
0.100895 0.0520147 2.16862 
0.100351 0.0525223 2.16265 
0.100219 0.0527687 2.15984 
0.100294 0.0531478 2.15887 
0.10003 0.0533884 2.15727 
0.10003 0.0533884 2.15727 
0.10011 0.0535017 2.15622 
0.10011 0.0535017 2.15622 
0.100334 0.052813 2.15577 
0.100334 0.052813 2.15577 
0.0999242 0.0530611 2.15496 
0.0999242 0.0530611 2.15496 
0.0989532 0.0538314 2.14774 
0.0985301 0.0543664 2.14457 
0.0983946 0.054349 2.14362 
0.0991553 0.0539751 2.14291 
0.0991553 0.0539751 2.14291 
0.0991553 0.0539751 2.14291 
0.0989891 0.0540236 2.1429 
0.0987797 0.0544136 2.14159 
0.0987797 0.0544136 2.14159 
0.0982018 0.0547068 2.14078 
0.0982018 0.0547068 2.14078 
0.0980919 0.054914 2.14099 
0.0980919 0.054914 2.14099 
0.0981603 0.0547751 2.13931 
0.0982473 0.0548681 2.13859 
0.0982473 0.0548681 2.13859 
0.0983272 0.0549886 2.13749 
0.0983272 0.0549886 2.13749 
0.0982008 0.0554614 2.13763 
0.0979454 0.0559232 2.13691 
0.0979454 0.0559232 2.13691 
0.0973181 0.0557867 2.13149 
0.0973181 0.0557867 2.13149 
0.0967376 0.0563373 2.12886 
0.0967376 0.0563373 2.12886 
0.096886 0.0563051 2.1262 
0.096886 0.0563051 2.1262 
0.0966393 0.056235 2.12294 
0.0961434 0.057369 2.11844 
0.0961434 0.057369 2.11844 
0.0954901 0.0580099 2.11146 
0.0954901 0.0580099 2.11146 
0.0942829 0.0588631 2.10277 
0.0942829 0.0588631 2.10277 
0.0938801 0.0595187 2.09328 
0.0938801 0.0595187 2.09328 
0.0935588 0.060028 2.08459 
0.0935588 0.060028 2.08459 
0.0926162 0.0606235 2.07339 
0.0926162 0.0606235 2.07339 
0.0919729 0.0618925 2.06318 
0.0919729 0.0618925 2.06318 
0.0913572 0.0628861 2.05752 
0.0913572 0.0628861 2.05752 
0.0903925 0.0636913 2.04697 
0.0903925 0.0636913 2.04697 
0.0881385 0.0649196 2.03308 
0.0881385 0.0649196 2.03308 
0.0881385 0.0649196 2.03308 
0.085337 0.0668813 2.01096 
0.085337 0.0668813 2.01096 
0.0837173 0.0681209 1.99574 
0.0837173 0.0681209 1.99574 
0.0837173 0.0681209 1.99574 
0.0826141 0.0692078 1.98118 
0.0826141 0.0692078 1.98118 
0.0811374 0.0701718 1.96693 
0.0811374 0.0701718 1.96693 
0.0811374 0.0701718 1.96693 
0.0801934 0.0716206 1.95275 
0.0801934 0.0716206 1.95275 
0.079107 0.0722027 1.94141 
0.0778517 0.073025 1.93127 
0.0778517 0.073025 1.93127 
0.0767151 0.0742572 1.91826 
0.0767151 0.0742572 1.91826 
0.0767151 0.0742572 1.91826 
0.0744436 0.0755482 1.90339 
0.0744436 0.0755482 1.90339 
0.0725363 0.0766593 1.88576 
0.0725363 0.0766593 1.88576 
0.0715279 0.0776532 1.87523 
0.0715279 0.0776532 1.87523 
0.0702304 0.0781854 1.86385 
0.068692 0.0791392 1.84771 
0.068692 0.0791392 1.84771 
0.0671044 0.0807424 1.83261 
0.0671044 0.0807424 1.83261 
0.0671044 0.0807424 1.83261 
0.0660502 0.0810573 1.81979 
0.0660502 0.0810573 1.81979 
0.0642304 0.081734 1.80643 
0.0642304 0.081734 1.80643 
0.0627496 0.0829085 1.7917 
0.0627496 0.0829085 1.7917 
0.0606349 0.0838691 1.7772 
0.0589246 0.0848585 1.76212 
0.0571339 0.0858763 1.74545 
0.0571339 0.0858763 1.74545 
0.0551294 0.0858055 1.73 
0.0551294 0.0858055 1.73 
0.0529652 0.0859031 1.71449 
0.0529652 0.0859031 1.71449 
0.0499276 0.0863491 1.6963 
0.0499276 0.0863491 1.6963 
0.0484229 0.0871241 1.6887 
0.0484229 0.0871241 1.6887 
0.0464875 0.087935 1.67162 
0.0464875 0.087935 1.67162 
0.0438227 0.0892478 1.6516 
0.0438227 0.0892478 1.6516 
0.0423299 0.0895813 1.63753 
0.0423299 0.0895813 1.63753 
0.0403326 0.0898511 1.62193 
0.0403326 0.0898511 1.62193 
0.0379778 0.0907553 1.60401 
0.0359567 0.0913235 1.588 
0.0359567 0.0913235 1.588 
0.0337525 0.0918685 1.57194 
0.0320559 0.0930245 1.55401 
0.0320559 0.0930245 1.55401 
0.0301009 0.0933702 1.53618 
0.027815 0.0941321 1.51715 
0.027815 0.0941321 1.51715 
0.0251738 0.0947854 1.49626 
0.0251738 0.0947854 1.49626 
0.0224212 0.0947579 1.48364 
0.0198206 0.0945271 1.46483 
0.0198206 0.0945271 1.46483 
0.0198206 0.0945271 1.46483 
0.0134351 0.0944725 1.42636 
0.0134351 0.0944725 1.42636 
0.0109711 0.0942683 1.41045 
0.00784491 0.0946758 1.39256 
0.00784491 0.0946758 1.39256 
0.00534756 0.0951068 1.37357 
0.00534756 0.0951068 1.37357 
0.00331989 0.095267 1.35868 
0.0015163 0.095272 1.34091 
-0.000541471 0.0954692 1.3237 
-0.000541471 0.0954692 1.3237 
-0.00244168 0.0954797 1.30956 
-0.00244168 0.0954797 1.30956 
-0.00511901 0.0957259 1.29087 
-0.00511901 0.0957259 1.29087 
-0.00511901 0.0957259 1.29087 
-0.00742502 0.0959712 1.27643 
-0.00742502 0.0959712 1.27643 
-0.00742502 0.0959712 1.27643 
-0.00798583 0.0955799 1.26363 
-0.0103186 0.0950166 1.24075 
-0.0103186 0.0950166 1.24075 
-0.0103186 0.0950166 1.24075 
-0.0125693 0.0953757 1.22088 
-0.0143364 0.095264 1.20593 
-0.0175612 0.0953782 1.18731 
-0.021247 0.0951656 1.16539 
-0.0239018 0.0943267 1.14936 
-0.0258298 0.0931634 1.13385 
-0.0258298 0.0931634 1.13385 
-0.0283421 0.0924454 1.11381 
-0.0298001 0.0922201 1.09766 
-0.0298001 0.0922201 1.09766 
-0.0298001 0.0922201 1.09766 
-0.0316063 0.0916274 1.08173 
-0.0350587 0.0917113 1.05959 
-0.0360072 0.0908706 1.05048 
-0.0360072 0.0908706 1.05048 
-0.0366352 0.0903297 1.03324 
-0.0366352 0.0903297 1.03324 
-0.0396572 0.0901126 1.00595 
-0.0396572 0.0901126 1.00595 
-0.0406343 0.0903537 0.990076 
-0.0406343 0.0903537 0.990076 
-0.0406343 0.0903537 0.990076 
-0.0415855 0.0898054 0.978784 
-0.0415855 0.0898054 0.978784 
-0.0440927 0.0890728 0.960716 
-0.0440927 0.0890728 0.960716 
-0.0475987 0.0867791 0.931087 
-0.0475987 0.0867791 0.931087 
-0.0498363 0.0854647 0.910832 
-0.0498363 0.0854647 0.910832 
-0.0517086 0.0846334 0.893656 
-0.0517086 0.0846334 0.893656 
-0.0524585 0.0838559 0.880763 
-0.0524585 0.0838559 0.880763 
-0.0545183 0.0830993 0.863987 
-0.0545183 0.0830993 0.863987 
-0.0576454 0.083019 0.840513 
-0.0582149 0.0823898 0.830338 
-0.0582149 0.0823898 0.830338 
-0.0606393 0.0812442 0.809228 
-0.0606393 0.0812442 0.809228 
-0.0647474 0.0796741 0.784719 
-0.0647474 0.0796741 0.784719 
-0.066411 0.0780998 0.770962 
-0.066411 0.0780998 0.770962 
-0.0681589 0.0770763 0.754606 
-0.0681589 0.0770763 0.754606 
-0.0712447 0.0764201 0.730388 
-0.0731259 0.0752562 0.713877 
-0.0731259 0.0752562 0.713877 
-0.0731259 0.0752562 0.713877 
-0.0741818 0.0741751 0.702807 
-0.0759031 0.0727183 0.684855 
-0.0759031 0.0727183 0.684855 
-0.0765437 0.0715137 0.669434 
-0.0765437 0.0715137 0.669434 
-0.0780349 0.0704504 0.653657 
-0.0780349 0.0704504 0.653657 
-0.0780349 0.0704504 0.653657 
-0.0793856 0.0697332 0.638307 
-0.0813588 0.0688369 0.625796 
-0.0813588 0.0688369 0.625796 
-0.0814856 0.0682654 0.616444 
-0.0835133 0.0672253 0.596454 
-0.0835133 0.0672253 0.596454 
-0.0835133 0.0672253 0.596454 
-0.0842595 0.0657756 0.581401 
-0.0842595 0.0657756 0.581401 
-0.0842595 0.0657756 0.581401 
-0.0851511 0.0648134 0.57005 
-0.0851511 0.0648134 0.57005 
-0.0864251 0.063711 0.554041 
-0.0864251 0.063711 0.554041 
-0.0880795 0.0620625 0.537922 
-0.0900044 0.0610774 0.523724 
-0.0900044 0.0610774 0.523724 
-0.0900044 0.0610774 0.523724 
-0.0900044 0.0610774 0.523724 
-0.0925273 0.0589167 0.506305 
-0.0925273 0.0589167 0.506305 
-0.0925273 0.0589167 0.506305 
-0.0942327 0.0571053 0.49273 
-0.0949799 0.0553856 0.48082 
-0.0949799 0.0553856 0.48082 
-0.0949799 0.0553856 0.48082 
-0.0961798 0.0536743 0.462504 
-0.0961798 0.0536743 0.462504 
-0.0961798 0.0536743 0.462504 
-0.0961798 0.0536743 0.462504 
-0.0982093 0.0523091 0.440443 
-0.0982093 0.0523091 0.440443 
-0.0982093 0.0523091 0.440443 
-0.0982093 0.0523091 0.440443 
-0.0982093 0.0523091 0.440443 
-0.0979703 0.0512227 0.430731 
-0.0979703 0.0512227 0.430731 
-0.0994337 0.0508411 0.413462 
-0.0994337 0.0508411 0.413462 
-0.0994337 0.0508411 0.413462 
-0.0994337 0.0508411 0.413462 
-0.100705 0.0495236 0.396139 
-0.100705 0.0495236 0.396139 
-0.100705 0.0495236 0.396139 
-0.100987 0.0483186 0.384605 
-0.100987 0.0483186 0.384605 
-0.100987 0.0483186 0.384605 
-0.101632 0.0472943 0.370581 
-0.101632 0.0472943 0.370581 
-0.101632 0.0472943 0.370581 
-0.101632 0.0472943 0.370581 
-0.101632 0.0472943 0.370581 
-0.102418 0.0456308 0.353611 
-0.102418 0.0456308 0.353611 
-0.102947 0.0442821 0.341003 
-0.102947 0.0442821 0.341003 
-0.102947 0.0442821 0.341003 
-0.102947 0.0442821 0.341003 
-0.103976 0.0429319 0.326914 
-0.103976 0.0429319 0.326914 
-0.103976 0.0429319 0.326914 
-0.105226 0.0417034 0.312346 
-0.105226 0.0417034 0.312346 
-0.105226 0.0417034 0.312346 
-0.105226 0.0417034 0.312346 
-0.105654 0.0406338 0.300877 
-0.105654 0.0406338 0.300877 
-0.105654 0.0406338 0.300877 
-0.105654 0.0406338 0.300877 
-0.106348 0.0395259 0.288078 
-0.106348 0.0395259 0.288078 
-0.107466 0.0381001 0.273068 
-0.107466 0.0381001 0.273068 
-0.107466 0.0381001 0.273068 
-0.107466 0.0381001 0.273068 
-0.108699 0.0364277 0.260187 
-0.108699 0.0364277 0.260187 
-0.108699 0.0364277 0.260187 
-0.108677 0.0354913 0.25024 
-0.108677 0.0354913 0.25024 
-0.108677 0.0354913 0.25024 
-0.108677 0.0354913 0.25024 
-0.111421 0.0330049 0.228923 
-0.111421 0.0330049 0.228923 
-0.111421 0.0330049 0.228923 
-0.111421 0.0330049 0.228923 
-0.111421 0.0330049 0.228923 
-0.113785 0.0297732 0.211106 
-0.113785 0.0297732 0.211106 
-0.114895 0.0280512 0.202835 
-0.114895 0.0280512 0.202835 
-0.114895 0.0280512 0.202835 
-0.114895 0.0280512 0.202835 
-0.115511 0.0265249 0.190505 
-0.115511 0.0265249 0.190505 
-0.115511 0.0265249 0.190505 
-0.115939 0.0243573 0.17601 
-0.115939 0.0243573 0.17601 
-0.115939 0.0243573 0.17601 
-0.115939 0.0243573 0.17601 
-0.116038 0.0227582 0.163336 
-0.116038 0.0227582 0.163336 
-0.116038 0.0227582 0.163336 
-0.116038 0.0227582 0.163336 
-0.116385 0.0207625 0.151913 
-0.116385 0.0207625 0.151913 
-0.116385 0.0207625 0.151913 
-0.11721 0.0190133 0.137916 
-0.11721 0.0190133 0.137916 
-0.11721 0.0190133 0.137916 
-0.11721 0.0190133 0.137916 
-0.118013 0.0170039 0.125893 
-0.118013 0.0170039 0.125893 
-0.118013 0.0170039 0.125893 
-0.1183 0.015138 0.114856 
-0.1183 0.015138 0.114856 
-0.1183 0.015138 0.114856 
-0.119396 0.0137418 0.102802 
-0.119396 0.0137418 0.102802 
-0.119396 0.0137418 0.102802 
-0.119396 0.0137418 0.102802 
-0.119396 0.0137418 0.102802 
-0.119018 0.0120931 0.0960504 
-0.119018 0.0120931 0.0960504 
-0.119841 0.0109172 0.0839976 
-0.119841 0.0109172 0.0839976 
-0.119841 0.0109172 0.0839976 
-0.119841 0.0109172 0.0839976 
-0.119841 0.0109172 0.0839976 
-0.120179 0.00941214 0.070991 
-0.120179 0.00941214 0.070991 
-0.120179 0.00941214 0.070991 
-0.120489 0.00824263 0.0595587 
-0.120489 0.00824263 0.0595587 
-0.120489 0.00824263 0.0595587 
-0.120489 0.00824263 0.0595587 
-0.12067 0.00684541 0.0485082 
-0.12067 0.00684541 0.0485082 
-0.12067 0.00684541 0.0485082 
-0.12067 0.00684541 0.0485082 
-0.121215 0.00519513 0.0372316 
-0.121215 0.00519513 0.0372316 
-0.121215 0.00519513 0.0372316 
-0.121215 0.00519513 0.0372316 
-0.121368 0.00394077 0.0286232 
-0.121513 0.00294701 0.0182876 
-0.121513 0.00294701 0.0182876 
-0.121513 0.00294701 0.0182876 
-0.121513 0.00294701 0.0182876 
-0.121532 0.00169292 0.00772415 
-0.121532 0.00169292 0.00772415 
-0.121532 0.00169292 0.00772415 
-0.122144 -0.0001214 -0.00598506 
-0.122144 -0.0001214 -0.00598506 
-0.122144 -0.0001214 -0.00598506 
-0.122144 -0.0001214 -0.00598506 
-0.122144 -0.0001214 -0.00598506 
-0.122625 -0.00213633 -0.0168692 
-0.122841 -0.00402565 -0.0256815 
-0.122841 -0.00402565 -0.0256815 
-0.122841 -0.00402565 -0.0256815 
-0.122841 -0.00402565 -0.0256815 
-0.124013 -0.00570227 -0.0425795 
-0.124013 -0.00570227 -0.0425795 
-0.124013 -0.00570227 -0.0425795 
-0.124013 -0.00570227 -0.0425795 
-0.123966 -0.00698596 -0.0494714 
-0.123966 -0.00698596 -0.0494714 
-0.123966 -0.00698596 -0.0494714 
-0.123568 -0.00774955 -0.0560325 
-0.123568 -0.00774955 -0.0560325 
-0.123568 -0.00774955 -0.0560325 
-0.123568 -0.00774955 -0.0560325 
-0.123568 -0.00774955 -0.0560325 
-0.123742 -0.00923573 -0.0660952 
-0.123742 -0.00923573 -0.0660952 
-0.123911 -0.0106023 -0.0761685 
-0.123911 -0.0106023 -0.0761685 
-0.123911 -0.0106023 -0.0761685 
-0.123911 -0.0106023 -0.0761685 
-0.123826 -0.0120217 -0.0852619 
-0.123826 -0.0120217 -0.0852619 
-0.123826 -0.0120217 -0.0852619 
-0.123826 -0.0120217 -0.0852619 
-0.123593 -0.0136162 -0.0972887 
-0.123593 -0.0136162 -0.0972887 
-0.123593 -0.0136162 -0.0972887 
-0.12385 -0.0149159 -0.108107 
-0.12385 -0.0149159 -0.108107 
-0.12385 -0.0149159 -0.108107 
-0.12385 -0.0149159 -0.108107 
-0.12385 -0.0149159 -0.108107 
-0.123977 -0.0162196 -0.119054 
-0.123977 -0.0162196 -0.119054 
-0.123977 -0.0162196 -0.119054 
-0.123977 -0.0162196 -0.119054 
-0.124082 -0.0176466 -0.129994 
-0.124082 -0.0176466 -0.129994 
-0.124082 -0.0176466 -0.129994 
-0.123629 -0.0183878 -0.136443 
-0.123629 -0.0183878 -0.136443 
-0.123629 -0.0183878 -0.136443 
-0.123629 -0.0183878 -0.136443 
-0.123051 -0.0192399 -0.142897 
-0.123051 -0.0192399 -0.142897 
-0.123051 -0.0192399 -0.142897 
-0.123879 -0.0204326 -0.155085 
-0.123879 -0.0204326 -0.155085 
-0.123879 -0.0204326 -0.155085 
-0.123879 -0.0204326 -0.155085 
-0.123879 -0.0204326 -0.155085 
-0.123164 -0.0216067 -0.157104 
-0.123164 -0.0216067 -0.157104 
-0.122447 -0.022772 -0.159002 
-0.122447 -0.022772 -0.159002 
-0.122447 -0.022772 -0.159002 
-0.121835 -0.0235281 -0.168041 
-0.121835 -0.0235281 -0.168041 
-0.121835 -0.0235281 -0.168041 
-0.121835 -0.0235281 -0.168041 
-0.121543 -0.0235299 -0.174419 
-0.121543 -0.0235299 -0.174419 
-0.121543 -0.0235299 -0.174419 
-0.121543 -0.0235299 -0.174419 
-0.121524 -0.0245251 -0.182589 
-0.121524 -0.0245251 -0.182589 
-0.121524 -0.0245251 -0.182589 
-0.121524 -0.0245251 -0.182589 
-0.121524 -0.0245251 -0.182589 
-0.121377 -0.0255319 -0.191137 
-0.120974 -0.0267059 -0.19684 
-0.120842 -0.0274921 -0.203799 
-0.120842 -0.0274921 -0.203799 
-0.12092 -0.0285218 -0.212353 
-0.121269 -0.029216 -0.220921 
-0.121269 -0.029216 -0.220921 
-0.122029 -0.0305749 -0.229445 
-0.122029 -0.0305749 -0.229445 
-0.123694 -0.0332547 -0.243327 
-0.12499 -0.0359976 -0.252764 
-0.124166 -0.0374024 -0.255146 
-0.124166 -0.0374024 -0.255146 
-0.123693 -0.0377889 -0.260189 
-0.124273 -0.0383661 -0.267921 
-0.124273 -0.0383661 -0.267921 
-0.123999 -0.0391156 -0.272448 
-0.123954 -0.0400705 -0.275851 
-0.123524 -0.0409523 -0.280864 
-0.123524 -0.0409523 -0.280864 
-0.123524 -0.0409523 -0.280864 
-0.123395 -0.0414991 -0.285791 
-0.123395 -0.0414991 -0.285791 
-0.123103 -0.0416001 -0.288005 
-0.123101 -0.0420577 -0.293176 
-0.123153 -0.0423482 -0.295633 
-0.123153 -0.0423482 -0.295633 
-0.123089 -0.0425222 -0.29846 
-0.122927 -0.0425069 -0.302437 
-0.122927 -0.0425069 -0.302437 
-0.123144 -0.0424694 -0.305151 
-0.123144 -0.0424694 -0.305151 
-0.122654 -0.0431142 -0.306727 
-0.122982 -0.0432179 -0.309452 
-0.122982 -0.0432179 -0.309452 
-0.123226 -0.0438776 -0.311388 
-0.123159 -0.044127 -0.313475 
-0.12304 -0.0445878 -0.317036 
-0.12304 -0.0445878 -0.317036 
-0.122463 -0.0449027 -0.319504 
-0.122463 -0.0449027 -0.319504 
-0.122377 -0.0452046 -0.322461 
-0.122377 -0.0452046 -0.322461 
-0.122377 -0.0452046 -0.322461 
-0.122222 -0.0459813 -0.325286 
-0.122222 -0.0459813 -0.325286 
-0.122016 -0.0463066 -0.326993 
-0.121945 -0.0466299 -0.328337 
-0.12184 -0.0463785 -0.330475 
-0.12184 -0.0463785 -0.330475 
-0.122086 -0.0464033 -0.330219 
-0.121126 -0.046355 -0.328119 
-0.121126 -0.046355 -0.328119 
-0.121126 -0.046355 -0.328119 
-0.121394 -0.0461841 -0.328617 
-0.121394 -0.0461841 -0.328617 
-0.121723 -0.0464021 -0.329221 
-0.121723 -0.0464021 -0.329221 
-0.121507 -0.0462431 -0.329249 
-0.121492 -0.0462805 -0.329865 
-0.121372 -0.0462525 -0.329739 
-0.121372 -0.0462525 -0.329739 
-0.121654 -0.0460523 -0.329749 
-0.121654 -0.0460523 -0.329749 
-0.121654 -0.0460523 -0.329749 
-0.121654 -0.0460523 -0.329749 
-0.121681 -0.0458336 -0.330123 
-0.121681 -0.0458336 -0.330123 
-0.121652 -0.0460601 -0.329876 
-0.121652 -0.0460601 -0.329876 
-0.121448 -0.045787 -0.330018 
-0.121448 -0.045787 -0.330018 
-0.121186 -0.0458669 -0.330015 
-0.121186 -0.0458669 -0.330015 
-0.121207 -0.0464961 -0.330109 
-0.121207 -0.0464961 -0.330109 
-0.121207 -0.0464961 -0.330109 
-0.121803 -0.0457272 -0.331999 
-0.121803 -0.0457272 -0.331999 
-0.121803 -0.0457272 -0.331999 
-0.121488 -0.0463634 -0.329243 
-0.121488 -0.0463634 -0.329243 
-0.121229 -0.0456031 -0.329647 
-0.121229 -0.0456031 -0.329647 
-0.121757 -0.0461255 -0.330616 
-0.121757 -0.0461255 -0.330616 
-0.121528 -0.0460555 -0.330131 
-0.121501 -0.0461742 -0.330106 
-0.121501 -0.0461742 -0.330106 
-0.121501 -0.0461742 -0.330106 
-0.12133 -0.045811 -0.328764 
-0.12133 -0.045811 -0.328764 
-0.12133 -0.045811 -0.328764 
-0.121495 -0.0450293 -0.325829 
-0.121495 -0.0450293 -0.325829 
-0.121718 -0.0446437 -0.323129 
-0.121718 -0.0446437 -0.323129 
-0.121718 -0.0446437 -0.323129 
-0.121594 -0.0441537 -0.319693 
-0.121594 -0.0441537 -0.319693 
-0.121642 -0.0440263 -0.317597 
-0.121539 -0.0434535 -0.312792 
-0.121539 -0.0434535 -0.312792 
-0.121539 -0.0434535 -0.312792 
-0.121622 -0.0431609 -0.309966 
-0.121622 -0.0431609 -0.309966 
-0.122658 -0.0428373 -0.310089 
-0.122658 -0.0428373 -0.310089 
-0.121921 -0.042652 -0.301312 
-0.121921 -0.042652 -0.301312 
-0.12225 -0.0414659 -0.299406 
-0.122356 -0.0417245 -0.297404 
-0.12225 -0.0410776 -0.293359 
-0.122455 -0.0407789 -0.290163 
-0.122455 -0.0407789 -0.290163 
-0.122221 -0.0401385 -0.2865 
-0.122221 -0.0401385 -0.2865 
-0.122221 -0.0401385 -0.2865 
-0.122251 -0.0394503 -0.281473 
-0.122197 -0.0391543 -0.278895 
-0.121938 -0.0386888 -0.274097 
-0.121666 -0.0382941 -0.270429 
-0.121371 -0.0380125 -0.266615 
-0.121371 -0.0380125 -0.266615 
-0.121422 -0.0378558 -0.264034 
-0.121948 -0.0368935 -0.261373 
-0.121371 -0.0362825 -0.252898 
-0.121371 -0.0362825 -0.252898 
-0.121371 -0.0362825 -0.252898 
-0.12132 -0.0353285 -0.245686 
-0.12132 -0.0353285 -0.245686 
-0.121493 -0.0343807 -0.240075 
-0.121493 -0.0343807 -0.240075 
-0.121216 -0.0340162 -0.234796 
-0.121216 -0.0340162 -0.234796 
-0.121216 -0.0340162 -0.234796 
-0.121264 -0.0329629 -0.229684 
-0.121544 -0.0320204 -0.223946 
-0.121544 -0.0320204 -0.223946 
-0.121062 -0.0314079 -0.216975 
-0.121546 -0.03071 -0.212835 
-0.121546 -0.03071 -0.212835 
-0.121242 -0.0304792 -0.207677 
-0.120814 -0.0294131 -0.199143 
-0.120814 -0.0294131 -0.199143 
-0.120814 -0.0294131 -0.199143 
-0.120707 -0.0285187 -0.192801 
-0.120908 -0.0280358 -0.188648 
-0.120908 -0.0280358 -0.188648 
-0.120678 -0.0272939 -0.180965 
-0.120826 -0.0261038 -0.175383 
-0.120389 -0.025825 -0.171474 
-0.120389 -0.025825 -0.171474 
-0.120661 -0.0256435 -0.170134 
-0.120661 -0.0256435 -0.170134 
-0.120514 -0.0259525 -0.169375 
-0.120514 -0.0259525 -0.169375 
-0.120514 -0.0259525 -0.169375 
-0.120538 -0.0257873 -0.168653 
-0.120331 -0.0254353 -0.167201 
-0.119877 -0.0252329 -0.164515 
-0.119877 -0.0252329 -0.164515 
-0.119787 -0.0249837 -0.162563 
-0.119787 -0.0249837 -0.162563 
-0.119787 -0.0249837 -0.162563 
-0.119568 -0.0249171 -0.159747 
-0.119568 -0.0249171 -0.159747 
-0.119568 -0.0249171 -0.159747 
-0.119457 -0.0250265 -0.157661 
-0.119457 -0.0250265 -0.157661 
-0.119457 -0.0250265 -0.157661 
-0.119457 -0.0250265 -0.157661 
-0.1205 -0.0241684 -0.158316 
-0.119795 -0.0242963 -0.153287 
-0.119795 -0.0242963 -0.153287 
-0.119782 -0.0231242 -0.150167 
-0.119782 -0.0231242 -0.150167 
-0.119759 -0.0234592 -0.149654 
-0.119759 -0.0234592 -0.149654 
-0.119764 -0.0234149 -0.148916 
-0.119764 -0.0234149 -0.148916 
-0.119764 -0.0234149 -0.148916 
-0.120004 -0.0234702 -0.149529 
-0.120004 -0.0234702 -0.149529 
-0.120046 -0.0230398 -0.148453 
-0.120046 -0.0230398 -0.148453 
-0.120071 -0.0227375 -0.147484 
-0.120071 -0.0227375 -0.147484 
-0.120071 -0.0227375 -0.147484 
-0.120112 -0.0222996 -0.146286 
-0.120112 -0.0222996 -0.146286 
-0.120112 -0.0222996 -0.146286 
-0.120112 -0.0222996 -0.146286 
-0.119891 -0.0221346 -0.143839 
-0.119891 -0.0221346 -0.143839 
-0.119891 -0.0221346 -0.143839 
-0.119688 -0.0218273 -0.141041 
-0.119688 -0.0218273 -0.141041 
-0.119506 -0.021341 -0.137276 
-0.119506 -0.021341 -0.137276 
-0.119564 -0.020849 -0.133134 
-0.119564 -0.020849 -0.133134 
-0.119564 -0.020849 -0.133134 
-0.12023 -0.0201012 -0.132191 
-0.12023 -0.0201012 -0.132191 
-0.12023 -0.0201012 -0.132191 
-0.119568 -0.0197845 -0.123637 
-0.119568 -0.0197845 -0.123637 
-0.119377 -0.0177262 -0.114081 
-0.119377 -0.0177262 -0.114081 
-0.119069 -0.0172905 -0.107125 
-0.119069 -0.0172905 -0.107125 
-0.119154 -0.0163111 -0.100939 
-0.119154 -0.0163111 -0.100939 
-0.119154 -0.0163111 -0.100939 
-0.119373 -0.0152987 -0.0920627 
-0.119373 -0.0152987 -0.0920627 
-0.119373 -0.0152987 -0.0920627 
-0.119001 -0.0136849 -0.0817553 
-0.119001 -0.0136849 -0.0817553 
-0.118735 -0.0120651 -0.0712025 
-0.118735 -0.0120651 -0.0712025 
-0.118561 -0.0110341 -0.0622114 
-0.11827 -0.00975714 -0.0511558 
-0.11827 -0.00975714 -0.0511558 
-0.11827 -0.00975714 -0.0511558 
-0.118084 -0.00857268 -0.0415631 
-0.118084 -0.00857268 -0.0415631 
-0.117777 -0.00704411 -0.0302798 
-0.11721 -0.00544536 -0.0177781 
-0.11721 -0.00544536 -0.0177781 
-0.117846 -0.00370064 -0.0109093 
-0.117261 -0.00219405 0.00428637 
-0.117261 -0.00219405 0.00428637 
-0.116764 0.00048051 0.0186804 
-0.116764 0.00048051 0.0186804 
-0.116764 0.00048051 0.0186804 
-0.116756 0.00138666 0.0300002 
-0.116729 0.00285846 0.0426329 
-0.116442 0.00430096 0.0569814 
-0.116442 0.00430096 0.0569814 
-0.115768 0.0060213 0.070095 
-0.115768 0.0060213 0.070095 
-0.115768 0.0060213 0.070095 
-0.114831 0.0078378 0.083088 
-0.114831 0.0078378 0.083088 
-0.114375 0.00925163 0.0952438 
-0.113651 0.0108698 0.111319 
-0.113651 0.0108698 0.111319 
-0.113651 0.0108698 0.111319 
-0.113543 0.0122002 0.123984 
-0.113543 0.0122002 0.123984 
-0.112905 0.0138015 0.137736 
-0.112905 0.0138015 0.137736 
-0.112905 0.0138015 0.137736 
-0.112172 0.0149528 0.150302 
-0.112172 0.0149528 0.150302 
-0.112172 0.0149528 0.150302 
-0.112016 0.0165471 0.159164 
-0.112016 0.0165471 0.159164 
-0.111051 0.0184939 0.175502 
-0.111051 0.0184939 0.175502 
-0.11011 0.0201167 0.188437 
-0.11011 0.0201167 0.188437 
-0.110106 0.0208709 0.199699 
-0.109646 0.022308 0.213026 
-0.109646 0.022308 0.213026 
-0.108627 0.0241218 0.227698 
-0.108627 0.0241218 0.227698 
-0.108627 0.0241218 0.227698 
-0.107656 0.0263676 0.241361 
-0.107656 0.0263676 0.241361 
-0.106905 0.0286055 0.256788 
-0.106413 0.0305458 0.270741 
-0.106413 0.0305458 0.270741 
-0.105295 0.0324083 0.284978 
-0.105295 0.0324083 0.284978 
-0.105295 0.0324083 0.284978 
-0.103911 0.0342336 0.299485 
-0.103911 0.0342336 0.299485 
-0.101642 0.0357534 0.318115 
-0.101642 0.0357534 0.318115 
-0.0997135 0.0366323 0.33594 
-0.0997135 0.0366323 0.33594 
-0.0994351 0.0378441 0.343337 
-0.0994351 0.0378441 0.343337 
-0.0980873 0.0405501 0.366212 
-0.0980873 0.0405501 0.366212 
-0.0980873 0.0405501 0.366212 
-0.0949602 0.0439792 0.395722 
-0.0949602 0.0439792 0.395722 
-0.0949602 0.0439792 0.395722 
-0.0943521 0.0455295 0.408755 
-0.0943521 0.0455295 0.408755 
-0.0943136 0.0475165 0.418305 
-0.0943136 0.0475165 0.418305 
-0.0943136 0.0475165 0.418305 
-0.0923432 0.0490598 0.437044 
-0.0908049 0.0508502 0.454276 
-0.0908049 0.0508502 0.454276 
-0.0908049 0.0508502 0.454276 
-0.0898584 0.05199 0.466182 
-0.0882304 0.0530357 0.482155 
-0.0882304 0.0530357 0.482155 
-0.0882304 0.0530357 0.482155 
-0.0860686 0.054506 0.499643 
-0.0860686 0.054506 0.499643 
-0.084505 0.0557115 0.514274 
-0.084505 0.0557115 0.514274 
-0.084505 0.0557115 0.514274 
-0.0821429 0.0572381 0.532497 
-0.0821429 0.0572381 0.532497 
-0.0821429 0.0572381 0.532497 
-0.0797981 0.0586004 0.550516 
-0.0797981 0.0586004 0.550516 
-0.0776253 0.0598615 0.566024 
-0.0776253 0.0598615 0.566024 
-0.0740732 0.0605064 0.588777 
-0.0740732 0.0605064 0.588777 
-0.0718012 0.0612827 0.601458 
-0.0712123 0.0620923 0.612084 
-0.0712123 0.0620923 0.612084 
-0.0695043 0.0641346 0.632497 
-0.0695043 0.0641346 0.632497 
-0.0695043 0.0641346 0.632497 
-0.0683937 0.0652762 0.648829 
-0.0683937 0.0652762 0.648829 
-0.0676579 0.0665646 0.662903 
-0.0661637 0.0683368 0.685056 
-0.0661637 0.0683368 0.685056 
-0.0648006 0.070224 0.70896 
-0.0648006 0.070224 0.70896 
-0.0648006 0.070224 0.70896 
-0.064459 0.0722442 0.724585 
-0.064459 0.0722442 0.724585 
-0.064459 0.0722442 0.724585 
-0.0629919 0.0744598 0.739547 
-0.0629919 0.0744598 0.739547 
-0.057352 0.0750098 0.766491 
-0.057352 0.0750098 0.766491 
-0.057352 0.0750098 0.766491 
-0.0518787 0.0750191 0.788415 
-0.0518787 0.0750191 0.788415 
-0.0496651 0.0750725 0.796187 
-0.047023 0.0752892 0.816441 
-0.047023 0.0752892 0.816441 
-0.047023 0.0752892 0.816441 
-0.045209 0.0764252 0.834887 
-0.045209 0.0764252 0.834887 
-0.0451919 0.0769827 0.845744 
-0.0451919 0.0769827 0.845744 
-0.0435253 0.0787406 0.86175 
-0.0435253 0.0787406 0.86175 
-0.0410268 0.0794961 0.879629 
-0.0410268 0.0794961 0.879629 
-0.0410268 0.0794961 0.879629 
-0.0393674 0.0804393 0.892809 
-0.0393674 0.0804393 0.892809 
-0.0380671 0.080977 0.908876 
-0.0380671 0.080977 0.908876 
-0.0380671 0.080977 0.908876 
-0.0367492 0.0816066 0.927869 
-0.0354642 0.0830191 0.94573 
-0.0354642 0.0830191 0.94573 
-0.0342094 0.0844743 0.960887 
-0.0342094 0.0844743 0.960887 
-0.0342094 0.0844743 0.960887 
-0.0342094 0.0844743 0.960887 
-0.0320075 0.0862111 0.978532 
-0.0320075 0.0862111 0.978532 
-0.0320075 0.0862111 0.978532 
-0.0296651 0.0872327 0.998082 
-0.0296651 0.0872327 0.998082 
-0.0296651 0.0872327 0.998082 
-0.0290107 0.0875294 1.00785 
-0.0290107 0.0875294 1.00785 
-0.0252982 0.0872591 1.03333 
-0.0192904 0.0865267 1.06222 
-0.0192904 0.0865267 1.06222 
-0.0192904 0.0865267 1.06222 
-0.0164669 0.0859746 1.07409 
-0.0164669 0.0859746 1.07409 
-0.0145366 0.0864274 1.08385 
-0.0145366 0.0864274 1.08385 
-0.0145366 0.0864274 1.08385 
-0.0128242 0.0872131 1.10441 
-0.0128242 0.0872131 1.10441 
-0.0128242 0.0872131 1.10441 
-0.0110986 0.0885835 1.12595 
-0.0110986 0.0885835 1.12595 
-0.00983017 0.0894979 1.1427 
-0.00843773 0.0902297 1.16098 
-0.00843773 0.0902297 1.16098 
-0.00843773 0.0902297 1.16098 
-0.00651717 0.0909305 1.18471 
-0.00651717 0.0909305 1.18471 
-0.00651717 0.0909305 1.18471 
-0.00582194 0.0915893 1.20056 
-0.00582194 0.0915893 1.20056 
-0.00428372 0.092566 1.2167 
-0.00428372 0.092566 1.2167 
-0.00428372 0.092566 1.2167 
-0.00194143 0.0924195 1.23443 
-0.00194143 0.0924195 1.23443 
-0.000505879 0.0927673 1.24396 
-0.000505879 0.0927673 1.24396 
0.00202863 0.0922232 1.26474 
0.00202863 0.0922232 1.26474 
0.00463283 0.0916646 1.28354 
0.00463283 0.0916646 1.28354 
0.0053298 0.0918289 1.29549 
0.00827165 0.0915989 1.31548 
0.00827165 0.0915989 1.31548 
0.00827165 0.0915989 1.31548 
0.00827165 0.0915989 1.31548 
0.0110163 0.0906854 1.33526 
0.0110163 0.0906854 1.33526 
0.0110163 0.0906854 1.33526 
0.012471 0.0908134 1.34672 
0.012471 0.0908134 1.34672 
0.0140463 0.0906973 1.36421 
0.0140463 0.0906973 1.36421 
0.0162629 0.0903066 1.3858 
0.0179972 0.0907764 1.40233 
0.0192958 0.0904809 1.41345 
0.0192958 0.0904809 1.41345 
0.0216062 0.0899737 1.43144 
0.0216062 0.0899737 1.43144 
0.024179 0.0889646 1.45299 
0.024179 0.0889646 1.45299 
0.0250246 0.0892398 1.46665 
0.0257606 0.0893749 1.48354 
0.0257606 0.0893749 1.48354 
0.0257606 0.0893749 1.48354 
0.0285202 0.0890723 1.50465 
0.0299849 0.0884491 1.51392 
0.0312374 0.0877084 1.5244 
0.0340684 0.0863134 1.54331 
0.0340684 0.0863134 1.54331 
0.0347905 0.0854072 1.55594 
0.0347905 0.0854072 1.55594 
0.0347905 0.0854072 1.55594 
0.0359104 0.0852857 1.56804 
0.0359104 0.0852857 1.56804 
0.0378978 0.084076 1.58645 
0.0398363 0.0835086 1.60191 
0.0398363 0.0835086 1.60191 
0.0398363 0.0835086 1.60191 
0.0422295 0.0833191 1.61773 
0.0463954 0.0813905 1.64226 
0.0463954 0.0813905 1.64226 
0.0485594 0.0802256 1.65599 
0.0485594 0.0802256 1.65599 
0.0490281 0.0803516 1.66091 
0.0490281 0.0803516 1.66091 
0.0515289 0.0791837 1.68742 
0.0533711 0.0777835 1.70499 
0.0533711 0.0777835 1.70499 
0.0536307 0.0783308 1.71043 
0.0536307 0.0783308 1.71043 
0.0536307 0.0783308 1.71043 
0.0558009 0.0774162 1.72698 
0.0558009 0.0774162 1.72698 
0.0579308 0.0757974 1.74646 
0.0579308 0.0757974 1.74646 
0.0579308 0.0757974 1.74646 
0.0587028 0.0761769 1.75607 
0.0587028 0.0761769 1.75607 
0.0596542 0.0759707 1.76707 
0.0612934 0.0744487 1.78563 
0.0612934 0.0744487 1.78563 
0.0636988 0.0736494 1.80217 
0.0636988 0.0736494 1.80217 
0.0634618 0.0734347 1.80767 
0.0661293 0.0724842 1.82704 
0.0661293 0.0724842 1.82704 
0.0661293 0.0724842 1.82704 
0.0678949 0.0713565 1.83993 
0.0678949 0.0713565 1.83993 
0.0687862 0.0712558 1.84506 
0.0687862 0.0712558 1.84506 
0.0708702 0.0699166 1.86259 
0.0708702 0.0699166 1.86259 
0.0733038 0.067446 1.88273 
0.0733038 0.067446 1.88273 
0.0741056 0.0670209 1.88924 
0.0751685 0.0668858 1.89895 
0.0751685 0.0668858 1.89895 
0.0751685 0.0668858 1.89895 
0.0763993 0.0657235 1.91515 
0.0763993 0.0657235 1.91515 
0.0774225 0.0656312 1.92588 
0.0774225 0.0656312 1.92588 
0.0774225 0.0656312 1.92588 
0.0790094 0.064709 1.93692 
0.0790094 0.064709 1.93692 
0.0790094 0.064709 1.93692 
0.0802829 0.0625053 1.95089 
0.0802829 0.0625053 1.95089 
0.0817221 0.0613069 1.96226 
0.0823405 0.0604196 1.97149 
0.0823405 0.0604196 1.97149 
0.0823405 0.0604196 1.97149 
0.0830795 0.0597886 1.9826 
0.0830795 0.0597886 1.9826 
0.0830795 0.0597886 1.9826 
0.0830795 0.0597886 1.9826 
0.0839573 0.0598239 1.99139 
0.0839532 0.0591817 1.99714 
0.0839532 0.0591817 1.99714 
0.0839532 0.0591817 1.99714 
0.0852574 0.0583281 2.01287 
0.0863592 0.0570644 2.02364 
0.0863592 0.0570644 2.02364 
0.0865862 0.0564877 2.03074 
0.0865862 0.0564877 2.03074 
0.0879354 0.0557237 2.04286 
0.0879354 0.0557237 2.04286 
0.0879354 0.0557237 2.04286 
0.0886901 0.0542485 2.05343 
0.0886901 0.0542485 2.05343 
0.089479 0.0538853 2.0625 
0.089479 0.0538853 2.0625 
0.089479 0.0538853 2.0625 
0.0905555 0.0532797 2.0737 
0.0905555 0.0532797 2.0737 
0.0908984 0.0531819 2.08793 
0.0908984 0.0531819 2.08793 
0.0916892 0.0537707 2.09958 
0.0916892 0.0537707 2.09958 
0.0916989 0.0537595 2.10673 
0.0916989 0.0537595 2.10673 
0.0925209 0.0525658 2.11784 
0.0925209 0.0525658 2.11784 
0.0930446 0.0508676 2.12753 
0.0930446 0.0508676 2.12753 
0.0930446 0.0508676 2.12753 
0.0929306 0.0498039 2.13721 
0.0929306 0.0498039 2.13721 
0.0929306 0.0498039 2.13721 
0.0933754 0.0497407 2.15155 
0.0933754 0.0497407 2.15155 
0.0940253 0.04956 2.16268 
0.0946275 0.049723 2.16983 
0.0946275 0.049723 2.16983 
0.0946275 0.049723 2.16983 
0.0962479 0.0484704 2.17724 
0.0962479 0.0484704 2.17724 
0.0962479 0.0484704 2.17724 
0.0967001 0.0470584 2.18399 
0.0967001 0.0470584 2.18399 
0.0967001 0.0470584 2.18399 
0.0976631 0.0462254 2.19231 
0.0976631 0.0462254 2.19231 
0.0976631 0.0462254 2.19231 
0.0975856 0.0458076 2.20082 
0.0975856 0.0458076 2.20082 
0.0981474 0.0454827 2.20866 
0.0981474 0.0454827 2.20866 
0.0994087 0.0448478 2.21607 
0.100331 0.0432173 2.22347 
0.100331 0.0432173 2.22347 
0.100331 0.0432173 2.22347 
0.10194 0.0418206 2.2326 
0.10194 0.0418206 2.2326 
0.101601 0.0416453 2.23491 
0.101601 0.0416453 2.23491 
0.10131 0.0413808 2.23921 
0.10131 0.0413808 2.23921 
0.101767 0.0414751 2.25023 
0.101767 0.0414751 2.25023 
0.101767 0.0414751 2.25023 
0.102332 0.0405511 2.252 
0.102332 0.0405511 2.252 
0.102431 0.0403368 2.25414 
0.102431 0.0403368 2.25414 
0.10299 0.0393674 2.26106 
0.10299 0.0393674 2.26106 
0.10299 0.0393674 2.26106 
0.102897 0.0389449 2.26506 
0.102897 0.0389449 2.26506 
0.103161 0.039216 2.26934 
0.103161 0.039216 2.26934 
0.103161 0.039216 2.26934 
0.103472 0.0384819 2.2749 
0.103472 0.0384819 2.2749 
0.103735 0.0381575 2.28007 
0.103735 0.0381575 2.28007 
0.104534 0.0375274 2.28541 
0.104534 0.0375274 2.28541 
0.105291 0.0366686 2.29193 
0.105291 0.0366686 2.29193 
0.105291 0.0366686 2.29193 
0.106191 0.0363585 2.29923 
0.106191 0.0363585 2.29923 
0.106191 0.0363585 2.29923 
0.106191 0.0363585 2.29923 
0.106319 0.0363347 2.30277 
0.106319 0.0363347 2.30277 
0.106583 0.0353442 2.30994 
0.106583 0.0353442 2.30994 
0.107059 0.0347735 2.31612 
0.107059 0.0347735 2.31612 
0.107257 0.0336959 2.31775 
0.107257 0.0336959 2.31775 
0.107328 0.0337827 2.32119 
0.107328 0.0337827 2.32119 
0.107328 0.0337827 2.32119 
0.107328 0.0337827 2.32119 
0.107932 0.0335676 2.32463 
0.107932 0.0335676 2.32463 
0.107932 0.0335676 2.32463 
0.107624 0.0333219 2.32646 
0.107624 0.0333219 2.32646 
0.10773 0.0333532 2.32889 
0.10763 0.0326104 2.33163 
0.10763 0.0326104 2.33163 
0.107691 0.0321328 2.33338 
0.107691 0.0321328 2.33338 
0.107691 0.0321328 2.33338 
0.1083 0.0319248 2.33449 
0.1083 0.0319248 2.33449 
0.1083 0.0319248 2.33449 
0.108316 0.0318882 2.33526 
0.108316 0.0318882 2.33526 
0.109114 0.031575 2.33508 
0.109114 0.031575 2.33508 
0.108554 0.0322707 2.33502 
0.108554 0.0322707 2.33502 
0.108554 0.0322707 2.33502 
0.108129 0.0317159 2.33459 
0.108129 0.0317159 2.33459 
0.108312 0.0318425 2.33813 
0.108312 0.0318425 2.33813 
0.108312 0.0318425 2.33813 
0.108355 0.0317448 2.33784 
0.108355 0.0317448 2.33784 
0.108661 0.0316665 2.33692 
0.108661 0.0316665 2.33692 
0.108661 0.0316665 2.33692 
0.10854 0.0322538 2.33732 
0.10863 0.032044 2.33703 
0.10863 0.032044 2.33703 
0.108255 0.0319905 2.33749 
0.108255 0.0319905 2.33749 
0.108233 0.0317397 2.33711 
0.108233 0.0317397 2.33711 
0.108333 0.031494 2.33746 
0.108333 0.031494 2.33746 
0.108333 0.031494 2.33746 
0.108464 0.0318208 2.33741 
0.108464 0.0318208 2.33741 
0.108464 0.0318208 2.33741 
0.108458 0.0318285 2.33721 
0.108458 0.0318285 2.33721 
0.108458 0.0318285 2.33721 
0.108265 0.0319616 2.33806 
0.108265 0.0319616 2.33806 
0.108504 0.0314006 2.33804 
0.108504 0.0314006 2.33804 
0.108535 0.0316156 2.33906 
0.107977 0.0310852 2.33734 
0.107977 0.0310852 2.33734 
0.108345 0.0314119 2.34111 
0.108537 0.0312785 2.34026 
0.108537 0.0312785 2.34026 
0.108537 0.0312785 2.34026 
0.108673 0.0312935 2.33877 
0.108673 0.0312935 2.33877 
0.108635 0.0313698 2.33942 
0.108635 0.0313698 2.33942 
0.108635 0.0313698 2.33942 
0.108609 0.0311404 2.33867 
0.108609 0.0311404 2.33867 
0.108252 0.0316681 2.3384 
0.108252 0.0316681 2.3384 
0.108252 0.0316681 2.3384 
0.108448 0.0318575 2.33664 
0.108448 0.0318575 2.33664 
0.108448 0.0318575 2.33664 
0.108088 0.0321291 2.33405 
0.108404 0.032682 2.33159 
0.108404 0.032682 2.33159 
0.108325 0.0325976 2.32802 
0.108325 0.0325976 2.32802 
0.108325 0.0325976 2.32802 
0.108308 0.0329988 2.32575 
0.108308 0.0329988 2.32575 
0.108308 0.0329988 2.32575 
0.107655 0.0339578 2.32065 
0.106924 0.0338501 2.31718 
0.106924 0.0338501 2.31718 
0.106668 0.0347592 2.31573 
0.106668 0.0347592 2.31573 
0.106668 0.0347592 2.31573 
0.106949 0.0345062 2.31104 
0.106949 0.0345062 2.31104 
0.106094 0.0353113 2.30474 
0.106094 0.0353113 2.30474 
0.106094 0.0353113 2.30474 
0.106094 0.0353113 2.30474 
0.106246 0.0359388 2.29998 
0.106246 0.0359388 2.29998 
0.105456 0.036256 2.29551 
0.105456 0.036256 2.29551 
0.10527 0.0370397 2.29012 
0.10527 0.0370397 2.29012 
0.105093 0.0371726 2.28661 
0.104686 0.0375183 2.28226 
0.104686 0.0375183 2.28226 
0.104686 0.0375183 2.28226 
0.104681 0.0381869 2.27565 
0.104681 0.0381869 2.27565 
0.104681 0.0381869 2.27565 
0.1041 0.0386377 2.27055 
0.1041 0.0386377 2.27055 
0.104009 0.0394408 2.26773 
0.103577 0.0401313 2.26198 
0.103577 0.0401313 2.26198 
0.00335226 -5.19007e-05 -5.28544e-05 
0.102336 0.0399495 2.25529 
0.102336 0.0399495 2.25529 
0.102379 0.0407335 2.25389 
0.102112 0.0407604 2.2491 
0.102112 0.0407604 2.2491 
0.102112 0.0407604 2.2491 
0.101559 0.0413975 2.24316 
0.101559 0.0413975 2.24316 
0.101374 0.0423835 2.2366 
0.101374 0.0423835 2.2366 
0.100762 0.0425668 2.23093 
0.100762 0.0425668 2.23093 
0.100762 0.0425668 2.23093 
0.100762 0.0425668 2.23093 
0.100437 0.0435442 2.22569 
0.100437 0.0435442 2.22569 
0.100437 0.0435442 2.22569 
0.100019 0.0438728 2.21911 
0.0993579 0.0444041 2.21391 
0.0993579 0.0444041 2.21391 
0.0996883 0.0448681 2.20905 
0.0994754 0.0450379 2.20449 
0.0992785 0.0459915 2.20074 
0.0992785 0.0459915 2.20074 
0.0980816 0.0464894 2.19154 
0.0974941 0.0468479 2.18747 
0.0975749 0.0466916 2.18618 
0.0975749 0.0466916 2.18618 
0.0975749 0.0466916 2.18618 
0.0982135 0.0462579 2.18517 
0.0982135 0.0462579 2.18517 
0.0977689 0.046864 2.18276 
0.0977689 0.046864 2.18276 
0.097647 0.0473728 2.18016 
0.097647 0.0473728 2.18016 
0.097647 0.0473728 2.18016 
0.0967626 0.0474912 2.17742 
0.0966057 0.0477873 2.17567 
0.0966057 0.0477873 2.17567 
0.0968779 0.0475335 2.1754 
0.0968779 0.0475335 2.1754 
0.0969389 0.0471527 2.17538 
0.0969389 0.0471527 2.17538 
0.0969389 0.0471527 2.17538 
0.0973742 0.0473865 2.17536 
0.0973742 0.0473865 2.17536 
0.0974768 0.0474568 2.1751 
0.0974768 0.0474568 2.1751 
0.0978803 0.0469334 2.17575 
0.0974944 0.0471568 2.17333 
0.0968847 0.0472721 2.17067 
0.0968847 0.0472721 2.17067 
0.0965724 0.0473403 2.1714 
0.0965724 0.0473403 2.1714 
0.0965724 0.0473403 2.1714 
0.0971133 0.0471066 2.17088 
0.0971133 0.0471066 2.17088 
0.0971343 0.047332 2.16962 
0.0971343 0.047332 2.16962 
0.0970473 0.0477596 2.16863 
0.097028 0.0475404 2.16755 
0.097028 0.0475404 2.16755 
0.097028 0.0475404 2.16755 
0.0965822 0.0475976 2.16725 
0.0965822 0.0475976 2.16725 
0.0965762 0.0476175 2.16693 
0.0965762 0.0476175 2.16693 
0.0965762 0.0476175 2.16693 
0.0963346 0.0475562 2.16584 
0.0963346 0.0475562 2.16584 
0.0962855 0.0479156 2.16405 
0.0962855 0.0479156 2.16405 
0.0958425 0.0487529 2.1577 
0.0950137 0.0497989 2.14918 
0.0950137 0.0497989 2.14918 
0.0937695 0.051067 2.13773 
0.0937695 0.051067 2.13773 
0.0924922 0.0516226 2.12393 
0.0924922 0.0516226 2.12393 
0.0918857 0.0524468 2.11852 
0.0916578 0.0528393 2.10989 
0.0916578 0.0528393 2.10989 
0.0916578 0.0528393 2.10989 
0.0916578 0.0528393 2.10989 
0.0902266 0.0541097 2.09646 
0.0902266 0.0541097 2.09646 
0.0893613 0.0553195 2.08443 
0.088697 0.0559465 2.07474 
0.0878866 0.057045 2.06516 
0.0878866 0.057045 2.06516 
0.0878866 0.057045 2.06516 
0.0878866 0.057045 2.06516 
0.0868698 0.0581987 2.05246 
0.0868698 0.0581987 2.05246 
0.0851093 0.0593791 2.03899 
0.0851093 0.0593791 2.03899 
0.0851093 0.0593791 2.03899 
0.0842322 0.0604847 2.02604 
0.0833883 0.0612943 2.0136 
0.0833883 0.0612943 2.0136 
0.0823994 0.062513 1.99983 
0.0823994 0.062513 1.99983 
0.0799223 0.0639145 1.97912 
0.0799223 0.0639145 1.97912 
0.0799223 0.0639145 1.97912 
0.0797167 0.0648482 1.97363 
0.0791983 0.0648874 1.96497 
0.0791983 0.0648874 1.96497 
0.077486 0.0661878 1.94896 
0.077486 0.0661878 1.94896 
0.0752884 0.0679172 1.93231 
0.0752884 0.0679172 1.93231 
0.0742545 0.0684002 1.91989 
0.0742545 0.0684002 1.91989 
0.0726309 0.0692699 1.90647 
0.0726309 0.0692699 1.90647 
0.0726309 0.0692699 1.90647 
0.0715284 0.070617 1.89117 
0.0715284 0.070617 1.89117 
0.0701233 0.0713258 1.87764 
0.0701233 0.0713258 1.87764 
0.0696739 0.0724124 1.86697 
0.0696739 0.0724124 1.86697 
0.0696739 0.0724124 1.86697 
0.0682305 0.0735064 1.85146 
0.06704 0.0742834 1.83911 
0.065493 0.074914 1.82718 
0.065493 0.074914 1.82718 
0.063423 0.0756771 1.80863 
0.0607326 0.0768312 1.79301 
0.0607326 0.0768312 1.79301 
0.0593095 0.077587 1.77991 
0.0593095 0.077587 1.77991 
0.0571984 0.0783116 1.76302 
0.0571984 0.0783116 1.76302 
0.0547672 0.0791575 1.74457 
0.0526643 0.0794313 1.72897 
0.0526643 0.0794313 1.72897 
0.0526643 0.0794313 1.72897 
0.0496726 0.0794034 1.7134 
0.0471665 0.0802097 1.6955 
0.0471665 0.0802097 1.6955 
0.0471665 0.0802097 1.6955 
0.0451183 0.080899 1.6807 
0.0451183 0.080899 1.6807 
0.0451183 0.080899 1.6807 
0.0434101 0.0814907 1.66388 
0.0434101 0.0814907 1.66388 
0.0414795 0.083149 1.6451 
0.0414795 0.083149 1.6451 
0.0414795 0.083149 1.6451 
0.0414795 0.083149 1.6451 
0.0404098 0.083839 1.63363 
0.0404098 0.083839 1.63363 
0.0404098 0.083839 1.63363 
0.038453 0.0845678 1.61562 
0.038453 0.0845678 1.61562 
0.0357171 0.0853117 1.59581 
0.0340403 0.0855157 1.58491 
0.0340403 0.0855157 1.58491 
0.0324394 0.085281 1.56766 
0.0324394 0.085281 1.56766 
0.0300002 0.0861112 1.54715 
0.0300002 0.0861112 1.54715 
0.0300002 0.0861112 1.54715 
0.0288859 0.0870524 1.52963 
0.0269805 0.0880456 1.51222 
0.0254729 0.0895703 1.49283 
0.0254729 0.0895703 1.49283 
0.0230716 0.0902432 1.47451 
0.0230716 0.0902432 1.47451 
0.0197828 0.0901483 1.45493 
0.0197828 0.0901483 1.45493 
0.0169059 0.0898407 1.43652 
0.0145264 0.088875 1.42228 
0.0145264 0.088875 1.42228 
0.0130813 0.0888352 1.4071 
0.0130813 0.0888352 1.4071 
0.0130813 0.0888352 1.4071 
0.0107853 0.0896232 1.38613 
0.0088819 0.0906368 1.36898 
0.0088819 0.0906368 1.36898 
0.00838436 0.0914694 1.35799 
0.00838436 0.0914694 1.35799 
0.00838436 0.0914694 1.35799 
0.00654997 0.0921306 1.33837 
0.00654997 0.0921306 1.33837 
0.00654997 0.0921306 1.33837 
0.00371372 0.0924637 1.31915 
0.00220981 0.0921028 1.30626 
0.00220981 0.0921028 1.30626 
0.00220981 0.0921028 1.30626 
-0.000662093 0.091734 1.29018 
-0.000662093 0.091734 1.29018 
-0.000662093 0.091734 1.29018 
-0.000662093 0.091734 1.29018 
-0.00417998 0.0919426 1.26945 
-0.00417998 0.0919426 1.26945 
-0.00778276 0.0915493 1.24886 
-0.0102639 0.0914581 1.23105 
-0.0102639 0.0914581 1.23105 
-0.0128083 0.0910513 1.21258 
-0.0128083 0.0910513 1.21258 
-0.0144528 0.0912153 1.19502 
-0.0144528 0.0912153 1.19502 
-0.0160208 0.091285 1.17697 
-0.0160208 0.091285 1.17697 
-0.0182903 0.0918066 1.15931 
-0.0213594 0.0920313 1.14053 
-0.0217949 0.0916637 1.13166 
-0.0217949 0.0916637 1.13166 
-0.0217949 0.0916637 1.13166 
-0.0236578 0.0910472 1.11225 
-0.0236578 0.0910472 1.11225 
-0.0236578 0.0910472 1.11225 
-0.0248141 0.0905729 1.09696 
-0.0248141 0.0905729 1.09696 
-0.0259029 0.0901966 1.08178 
-0.0259029 0.0901966 1.08178 
-0.0259029 0.0901966 1.08178 
-0.0295953 0.0896481 1.05974 
-0.0295953 0.0896481 1.05974 
-0.0336578 0.089908 1.03672 
-0.0365243 0.0891363 1.0234 
-0.0365243 0.0891363 1.0234 
-0.0365243 0.0891363 1.0234 
-0.0389267 0.0880554 1.00318 
-0.0389267 0.0880554 1.00318 
-0.0413604 0.0871064 0.983095 
-0.0413604 0.0871064 0.983095 
-0.0428715 0.0857869 0.966284 
-0.0431341 0.0851966 0.959121 
-0.0457462 0.0848983 0.937452 
-0.0458682 0.0847169 0.931961 
-0.0458682 0.0847169 0.931961 
-0.0459354 0.0846455 0.926485 
-0.0488351 0.0835334 0.902971 
-0.0488351 0.0835334 0.902971 
-0.0498823 0.0825571 0.88802 
-0.0498823 0.0825571 0.88802 
-0.051052 0.0815306 0.873807 
-0.051052 0.0815306 0.873807 
-0.0529625 0.080815 0.856101 
-0.0544312 0.0796325 0.841843 
-0.0563422 0.0787025 0.826159 
-0.0563422 0.0787025 0.826159 
-0.0563422 0.0787025 0.826159 
-0.0584113 0.0777559 0.809077 
-0.0584113 0.0777559 0.809077 
-0.0593945 0.0759555 0.79539 
-0.0593945 0.0759555 0.79539 
-0.0593945 0.0759555 0.79539 
-0.0615277 0.0742953 0.774432 
-0.0615277 0.0742953 0.774432 
-0.0615277 0.0742953 0.774432 
-0.064477 0.0728065 0.753588 
-0.066496 0.0717887 0.740137 
-0.066496 0.0717887 0.740137 
-0.066496 0.0717887 0.740137 
-0.0668258 0.071854 0.724952 
-0.0668258 0.071854 0.724952 
-0.0691582 0.0714624 0.69831 
-0.0691582 0.0714624 0.69831 
-0.0691582 0.0714624 0.69831 
-0.06967 0.0712635 0.684769 
-0.06967 0.0712635 0.684769 
-0.06967 0.0712635 0.684769 
-0.0710137 0.0699559 0.674521 
-0.0710137 0.0699559 0.674521 
-0.073243 0.0686589 0.658325 
-0.0745475 0.0672408 0.64388 
-0.0745475 0.0672408 0.64388 
-0.0745451 0.0664237 0.632309 
-0.0745451 0.0664237 0.632309 
-0.0759151 0.0653451 0.614075 
-0.0759151 0.0653451 0.614075 
-0.0776878 0.0639072 0.599347 
-0.0776878 0.0639072 0.599347 
-0.0790646 0.0634331 0.588851 
-0.0790646 0.0634331 0.588851 
-0.0804732 0.0624934 0.576713 
-0.0804732 0.0624934 0.576713 
-0.0804732 0.0624934 0.576713 
-0.0823976 0.061558 0.556832 
-0.0823976 0.061558 0.556832 
-0.082925 0.0606737 0.548844 
-0.082925 0.0606737 0.548844 
-0.082925 0.0606737 0.548844 
-0.0827847 0.0599455 0.540123 
-0.0827847 0.0599455 0.540123 
-0.0857457 0.0584118 0.518729 
-0.0857457 0.0584118 0.518729 
-0.0857457 0.0584118 0.518729 
-0.0877625 0.0561607 0.501311 
-0.0877625 0.0561607 0.501311 
-0.0898987 0.054604 0.487476 
-0.0898987 0.054604 0.487476 
-0.0934812 0.0520975 0.466134 
-0.0934812 0.0520975 0.466134 
-0.0953517 0.0507539 0.453839 
-0.0953517 0.0507539 0.453839 
-0.0955682 0.0498926 0.443851 
-0.0955682 0.0498926 0.443851 
-0.0964885 0.0485293 0.426232 
-0.0964885 0.0485293 0.426232 
-0.0964885 0.0485293 0.426232 
-0.0974017 0.0470732 0.409415 
-0.0974017 0.0470732 0.409415 
-0.0974017 0.0470732 0.409415 
-0.0989174 0.0442532 0.383687 
-0.0989174 0.0442532 0.383687 
-0.100304 0.042626 0.367081 
-0.101613 0.0418974 0.351556 
-0.101613 0.0418974 0.351556 
-0.100786 0.0417536 0.340163 
-0.100786 0.0417536 0.340163 
-0.101921 0.0409346 0.319239 
-0.101921 0.0409346 0.319239 
-0.102588 0.0394539 0.303709 
-0.102588 0.0394539 0.303709 
-0.102941 0.0384951 0.296455 
-0.102941 0.0384951 0.296455 
-0.103897 0.0371003 0.284146 
-0.105136 0.0355809 0.269025 
-0.105136 0.0355809 0.269025 
-0.105497 0.0336877 0.25839 
-0.105497 0.0336877 0.25839 
-0.105497 0.0336877 0.25839 
-0.106132 0.0325729 0.24562 
-0.106132 0.0325729 0.24562 
-0.107176 0.0310918 0.232139 
-0.10746 0.0293463 0.222254 
-0.10746 0.0293463 0.222254 
-0.107692 0.0280518 0.211749 
-0.107997 0.0261795 0.197338 
-0.107997 0.0261795 0.197338 
-0.107997 0.0261795 0.197338 
-0.109509 0.0244374 0.181082 
-0.109509 0.0244374 0.181082 
-0.110422 0.0230123 0.17391 
-0.110307 0.0219989 0.166971 
-0.110307 0.0219989 0.166971 
-0.111378 0.0204298 0.152821 
-0.111378 0.0204298 0.152821 
-0.111815 0.0188068 0.1409 
-0.111815 0.0188068 0.1409 
-0.11279 0.016207 0.126328 
-0.11279 0.016207 0.126328 
-0.113902 0.0132961 0.106405 
-0.113902 0.0132961 0.106405 
-0.114552 0.0108627 0.0933179 
-0.114552 0.0108627 0.0933179 
-0.115146 0.0089769 0.0835083 
-0.115146 0.0089769 0.0835083 
-0.115146 0.0089769 0.0835083 
-0.116328 0.0073813 0.072095 
-0.116392 0.00598807 0.0649612 
-0.116428 0.00498316 0.054007 
-0.116717 0.00371212 0.0405055 
-0.116717 0.00371212 0.0405055 
-0.116742 0.00229733 0.0288462 
-0.117866 0.000519156 0.0170892 
-0.117626 -0.000916839 0.011426 
-0.118109 -0.00201389 0.00109732 
-0.118709 -0.0031383 -0.00959645 
-0.118687 -0.00411075 -0.0177315 
-0.118687 -0.00411075 -0.0177315 
-0.118651 -0.00569362 -0.02791 
-0.118651 -0.00569362 -0.02791 
-0.118602 -0.00734881 -0.0393096 
-0.118305 -0.00843773 -0.0495199 
-0.118005 -0.00945272 -0.0605946 
-0.118192 -0.0102736 -0.0702105 
-0.118192 -0.0102736 -0.0702105 
-0.118192 -0.0102736 -0.0702105 
-0.118192 -0.0102736 -0.0702105 
-0.118377 -0.0113394 -0.0777362 
-0.118426 -0.0124577 -0.0841529 
-0.118426 -0.0124577 -0.0841529 
-0.118426 -0.0124577 -0.0841529 
-0.118426 -0.0124577 -0.0841529 
-0.118592 -0.0137407 -0.09118 
-0.118592 -0.0137407 -0.09118 
-0.118592 -0.0137407 -0.09118 
-0.119 -0.014439 -0.102522 
-0.119 -0.014439 -0.102522 
-0.119 -0.014439 -0.102522 
-0.119 -0.014439 -0.102522 
-0.118694 -0.0152377 -0.105901 
-0.118694 -0.0152377 -0.105901 
-0.118694 -0.0152377 -0.105901 
-0.118694 -0.0152377 -0.105901 
-0.118694 -0.0152377 -0.105901 
-0.119033 -0.0167453 -0.12051 
-0.119033 -0.0167453 -0.12051 
-0.119033 -0.0167453 -0.12051 
-0.119069 -0.0176956 -0.12609 
-0.119069 -0.0176956 -0.12609 
-0.119069 -0.0176956 -0.12609 
-0.118973 -0.0187453 -0.131419 
-0.119006 -0.0194847 -0.139594 
-0.119006 -0.0194847 -0.139594 
-0.119006 -0.0194847 -0.139594 
-0.119006 -0.0194847 -0.139594 
-0.119047 -0.0201076 -0.145808 
-0.119047 -0.0201076 -0.145808 
-0.119319 -0.020808 -0.152998 
-0.119319 -0.020808 -0.152998 
-0.119216 -0.0216662 -0.159204 
-0.119216 -0.0216662 -0.159204 
-0.118936 -0.022917 -0.168091 
-0.118936 -0.022917 -0.168091 
-0.118936 -0.022917 -0.168091 
-0.119163 -0.0239374 -0.176502 
-0.119163 -0.0239374 -0.176502 
-0.118864 -0.0253977 -0.182801 
-0.118864 -0.0253977 -0.182801 
-0.118864 -0.0253977 -0.182801 
-0.118501 -0.0260277 -0.191744 
-0.118501 -0.0260277 -0.191744 
-0.119217 -0.0269895 -0.198316 
-0.119217 -0.0269895 -0.198316 
-0.119217 -0.0269895 -0.198316 
-0.118661 -0.0274355 -0.200502 
-0.118661 -0.0274355 -0.200502 
-0.118896 -0.0283149 -0.206476 
-0.118896 -0.0283149 -0.206476 
-0.118896 -0.0283149 -0.206476 
-0.119278 -0.0289446 -0.212096 
-0.119278 -0.0289446 -0.212096 
-0.119278 -0.0289446 -0.212096 
-0.119421 -0.0294982 -0.216852 
-0.119421 -0.0294982 -0.216852 
-0.11916 -0.0304135 -0.222227 
-0.11916 -0.0304135 -0.222227 
-0.11916 -0.0304135 -0.222227 
-0.119042 -0.0310615 -0.226984 
-0.119042 -0.0310615 -0.226984 
-0.118873 -0.0319693 -0.234072 
-0.118873 -0.0319693 -0.234072 
-0.118873 -0.0319693 -0.234072 
-0.11914 -0.0325333 -0.238728 
-0.11914 -0.0325333 -0.238728 
-0.119085 -0.0327778 -0.240795 
-0.119085 -0.0327778 -0.240795 
-0.118991 -0.0334011 -0.243107 
-0.119124 -0.0338114 -0.249485 
-0.119124 -0.0338114 -0.249485 
-0.119642 -0.0344048 -0.252035 
-0.118783 -0.0344113 -0.251927 
-0.119072 -0.0347757 -0.255227 
-0.119072 -0.0347757 -0.255227 
-0.119614 -0.0351592 -0.258292 
-0.119614 -0.0351592 -0.258292 
-0.119538 -0.0355401 -0.260607 
-0.119305 -0.0360995 -0.264153 
-0.119305 -0.0360995 -0.264153 
-0.11905 -0.0367321 -0.268937 
-0.118861 -0.0370746 -0.270897 
-0.118861 -0.0370746 -0.270897 
-0.11907 -0.0371559 -0.273734 
-0.118977 -0.037642 -0.275797 
-0.118977 -0.037642 -0.275797 
-0.118977 -0.037642 -0.275797 
-0.119316 -0.0385116 -0.27908 
-0.119316 -0.0385116 -0.27908 
-0.119807 -0.039235 -0.281634 
-0.119807 -0.039235 -0.281634 
-0.119709 -0.039944 -0.281344 
-0.119816 -0.0398599 -0.283691 
-0.119816 -0.0398599 -0.283691 
-0.11981 -0.0400357 -0.282581 
-0.11981 -0.0400357 -0.282581 
-0.11981 -0.0400357 -0.282581 
-0.119184 -0.0400699 -0.282581 
-0.119184 -0.0400699 -0.282581 
-0.11964 -0.0402963 -0.283181 
-0.11964 -0.0402963 -0.283181 
-0.119733 -0.0404557 -0.283533 
-0.119471 -0.0405492 -0.283655 
-0.119471 -0.0405492 -0.283655 
-0.119467 -0.0405719 -0.284032 
-0.119467 -0.0405719 -0.284032 
-0.119226 -0.040522 -0.283783 
-0.119226 -0.040522 -0.283783 
-0.119226 -0.040522 -0.283783 
-0.119451 -0.0406159 -0.284768 
-0.118958 -0.0407224 -0.283664 
-0.118958 -0.0407224 -0.283664 
-0.119766 -0.0408082 -0.287101 
-0.119087 -0.0407021 -0.283035 
-0.118792 -0.04096 -0.283887 
-0.118792 -0.04096 -0.283887 
-0.119139 -0.0409944 -0.285614 
-0.119139 -0.0409944 -0.285614 
-0.11946 -0.0414477 -0.284219 
-0.118737 -0.0414216 -0.283501 
-0.118737 -0.0414216 -0.283501 
-0.118737 -0.0414216 -0.283501 
-0.119245 -0.041271 -0.283869 
-0.119245 -0.041271 -0.283869 
-0.119247 -0.0412634 -0.283743 
-0.119247 -0.0412634 -0.283743 
-0.119141 -0.0412022 -0.283008 
-0.119141 -0.0412022 -0.283008 
-0.119141 -0.0412022 -0.283008 
-0.118916 -0.0411162 -0.282148 
-0.118916 -0.0411162 -0.282148 
-0.118916 -0.0411162 -0.282148 
-0.118889 -0.0406976 -0.279467 
-0.118889 -0.0406976 -0.279467 
-0.118994 -0.0401665 -0.27665 
-0.118994 -0.0401665 -0.27665 
-0.118854 -0.0396787 -0.273095 
-0.118854 -0.0396787 -0.273095 
-0.119106 -0.0390223 -0.269926 
-0.119106 -0.0390223 -0.269926 
-0.119106 -0.0390223 -0.269926 
-0.119147 -0.0388821 -0.267579 
-0.119147 -0.0388821 -0.267579 
-0.118933 -0.0381561 -0.262316 
-0.118848 -0.0382547 -0.258124 
-0.118848 -0.0382547 -0.258124 
-0.118848 -0.0382547 -0.258124 
-0.119552 -0.0375934 -0.257907 
-0.119552 -0.0375934 -0.257907 
-0.119284 -0.0375313 -0.24953 
-0.119284 -0.0375313 -0.24953 
-0.11926 -0.0361338 -0.244926 
-0.11926 -0.0361338 -0.244926 
-0.119511 -0.0362036 -0.24356 
-0.119142 -0.0355243 -0.239283 
-0.119238 -0.0351404 -0.234878 
-0.119238 -0.0351404 -0.234878 
-0.119051 -0.0348289 -0.232179 
-0.119051 -0.0348289 -0.232179 
-0.119175 -0.0341958 -0.227667 
-0.119175 -0.0341958 -0.227667 
-0.119175 -0.0341958 -0.227667 
-0.119263 -0.033726 -0.223869 
-0.119263 -0.033726 -0.223869 
-0.119013 -0.0331212 -0.21849 
-0.118932 -0.0330394 -0.215298 
-0.118932 -0.0330394 -0.215298 
-0.118932 -0.0330394 -0.215298 
-0.118665 -0.0325808 -0.210289 
-0.118665 -0.0325808 -0.210289 
-0.118653 -0.0320752 -0.204041 
-0.118653 -0.0320752 -0.204041 
-0.119633 -0.0309281 -0.20373 
-0.119633 -0.0309281 -0.20373 
-0.119633 -0.0309281 -0.20373 
-0.119375 -0.0307061 -0.194529 
-0.119375 -0.0307061 -0.194529 
-0.119375 -0.0307061 -0.194529 
-0.119696 -0.0290979 -0.18983 
-0.119696 -0.0290979 -0.18983 
-0.119696 -0.0290979 -0.18983 
-0.119822 -0.0293194 -0.187237 
-0.119822 -0.0293194 -0.187237 
-0.11944 -0.0286096 -0.182244 
-0.11944 -0.0286096 -0.182244 
-0.11944 -0.0286096 -0.182244 
-0.119413 -0.0280487 -0.177121 
-0.119413 -0.0280487 -0.177121 
-0.119125 -0.0275178 -0.172854 
-0.119125 -0.0275178 -0.172854 
-0.119412 -0.026262 -0.16593 
-0.119412 -0.026262 -0.16593 
-0.119412 -0.026262 -0.16593 
-0.119412 -0.0254639 -0.158861 
-0.119412 -0.0254639 -0.158861 
-0.11907 -0.0244296 -0.15034 
-0.119133 -0.0239383 -0.146193 
-0.119133 -0.0239383 -0.146193 
-0.119133 -0.0239383 -0.146193 
-0.118731 -0.0233332 -0.140718 
-0.118731 -0.0233332 -0.140718 
-0.118325 -0.021502 -0.129061 
-0.118325 -0.021502 -0.129061 
-0.118506 -0.0213107 -0.12159 
-0.118506 -0.0213107 -0.12159 
-0.118307 -0.0195085 -0.112143 
-0.118526 -0.018702 -0.1046 
-0.118526 -0.018702 -0.1046 
-0.118198 -0.0182368 -0.101197 
-0.118473 -0.0179683 -0.0985173 
-0.11813 -0.0177131 -0.0965755 
-0.11813 -0.0177131 -0.0965755 
-0.11813 -0.0177131 -0.0965755 
-0.118269 -0.0175545 -0.095854 
-0.118269 -0.0175545 -0.095854 
-0.118273 -0.0175182 -0.0952425 
-0.118273 -0.0175182 -0.0952425 
-0.118273 -0.0175182 -0.0952425 
-0.118158 -0.0174326 -0.093898 
-0.118158 -0.0174326 -0.093898 
-0.118078 -0.0168029 -0.0916096 
-0.11774 -0.0164205 -0.0895531 
-0.11774 -0.0164205 -0.0895531 
-0.117521 -0.016137 -0.0870001 
-0.117521 -0.016137 -0.0870001 
-0.117521 -0.016137 -0.0870001 
-0.117181 -0.0160501 -0.0837058 
-0.117181 -0.0160501 -0.0837058 
-0.117181 -0.0160501 -0.0837058 
-0.118073 -0.0150331 -0.0844931 
-0.117725 -0.0152173 -0.0795893 
-0.117725 -0.0152173 -0.0795893 
-0.117792 -0.0138984 -0.0758713 
-0.117792 -0.0138984 -0.0758713 
-0.11767 -0.0141732 -0.0743896 
-0.11767 -0.0141732 -0.0743896 
-0.117679 -0.0140009 -0.0735418 
-0.117679 -0.0140009 -0.0735418 
-0.117679 -0.0140009 -0.0735418 
-0.118045 -0.0140362 -0.0739065 
-0.118045 -0.0140362 -0.0739065 
-0.118058 -0.0137348 -0.0729437 
-0.118058 -0.0137348 -0.0729437 
-0.117842 -0.0132456 -0.0710169 
-0.117842 -0.0132456 -0.0710169 
-0.117978 -0.0129414 -0.0699317 
-0.117509 -0.0127234 -0.0665197 
-0.117509 -0.0127234 -0.0665197 
-0.117509 -0.0127234 -0.0665197 
-0.117772 -0.012287 -0.0651973 
-0.117772 -0.012287 -0.0651973 
-0.117559 -0.0120211 -0.0608122 
-0.117559 -0.0120211 -0.0608122 
-0.117123 -0.011212 -0.0535213 
-0.117764 -0.0102894 -0.0521048 
-0.117764 -0.0102894 -0.0521048 
-0.117441 -0.00985717 -0.042835 
-0.117441 -0.00985717 -0.042835 
-0.117156 -0.00744323 -0.0309914 
-0.117156 -0.00744323 -0.0309914 
-0.117156 -0.00744323 -0.0309914 
-0.116698 -0.00670072 -0.0225976 
-0.116698 -0.00670072 -0.0225976 
-0.116714 -0.00595686 -0.0182383 
-0.116714 -0.00595686 -0.0182383 
-0.116742 -0.00513571 -0.0104606 
-0.116742 -0.00513571 -0.0104606 
-0.115908 -0.00360636 0.00106516 
-0.115908 -0.00360636 0.00106516 
-0.115922 -0.00230954 0.0107719 
-0.115922 -0.00230954 0.0107719 
-0.115931 -0.00145608 0.0191601 
-0.115931 -0.00145608 0.0191601 
-0.115184 0.000479311 0.0316428 
-0.115184 0.000479311 0.0316428 
-0.114667 0.00217407 0.0442632 
-0.114667 0.00217407 0.0442632 
-0.114259 0.00367101 0.0577528 
-0.114259 0.00367101 0.0577528 
-0.114259 0.00367101 0.0577528 
-0.114088 0.00513662 0.0706379 
-0.114088 0.00513662 0.0706379 
-0.113644 0.00688915 0.0844892 
-0.113644 0.00688915 0.0844892 
-0.113193 0.00835787 0.097747 
-0.113193 0.00835787 0.097747 
-0.112692 0.0106226 0.107906 
-0.112692 0.0106226 0.107906 
-0.112316 0.0122715 0.122265 
-0.112316 0.0122715 0.122265 
-0.11131 0.0139344 0.135528 
-0.11131 0.0139344 0.135528 
-0.11131 0.0139344 0.135528 
-0.111082 0.0147953 0.148962 
-0.111082 0.0147953 0.148962 
-0.110581 0.0160462 0.161042 
-0.110581 0.0160462 0.161042 
-0.110167 0.0174639 0.173846 
-0.110167 0.0174639 0.173846 
-0.110167 0.0174639 0.173846 
-0.109357 0.0190795 0.186532 
-0.109357 0.0190795 0.186532 
-0.10866 0.0205968 0.1996 
-0.10866 0.0205968 0.1996 
-0.10866 0.0205968 0.1996 
-0.10866 0.0205968 0.1996 
-0.107569 0.0221197 0.213656 
-0.107569 0.0221197 0.213656 
-0.106847 0.0235989 0.226381 
-0.106847 0.0235989 0.226381 
-0.106128 0.024798 0.240845 
-0.106128 0.024798 0.240845 
-0.104157 0.0258785 0.258536 
-0.104157 0.0258785 0.258536 
-0.104157 0.0258785 0.258536 
-0.102609 0.0267384 0.271587 
-0.102609 0.0267384 0.271587 
-0.102609 0.0267384 0.271587 
-0.102823 0.028399 0.279028 
-0.102823 0.028399 0.279028 
-0.102823 0.028399 0.279028 
-0.101821 0.0309199 0.298936 
-0.101821 0.0309199 0.298936 
-0.100369 0.0331112 0.314182 
-0.100369 0.0331112 0.314182 
-0.100369 0.0331112 0.314182 
-0.100046 0.0346278 0.322769 
-0.100046 0.0346278 0.322769 
-0.100046 0.0346278 0.322769 
-0.0987398 0.0371115 0.338792 
-0.0987398 0.0371115 0.338792 
-0.0966714 0.0398349 0.359918 
-0.0966714 0.0398349 0.359918 
-0.0966714 0.0398349 0.359918 
-0.095843 0.0421135 0.373239 
-0.095843 0.0421135 0.373239 
-0.0948294 0.0439737 0.386505 
-0.0948294 0.0439737 0.386505 
-0.0936842 0.046171 0.40212 
-0.0936842 0.046171 0.40212 
-0.0936842 0.046171 0.40212 
-0.0920377 0.0475704 0.419071 
-0.0920377 0.0475704 0.419071 
-0.0920377 0.0475704 0.419071 
-0.0920377 0.0475704 0.419071 
-0.0906466 0.0490792 0.432545 
-0.0906466 0.0490792 0.432545 
-0.0882473 0.0507977 0.450056 
-0.0882473 0.0507977 0.450056 
-0.0839488 0.0524916 0.47455 
-0.0839488 0.0524916 0.47455 
-0.0795905 0.0547377 0.491554 
-0.0795905 0.0547377 0.491554 
-0.0795905 0.0547377 0.491554 
-0.0795905 0.0547377 0.491554 
-0.0755583 0.055501 0.508753 
-0.0726369 0.0572489 0.525701 
-0.0726369 0.0572489 0.525701 
-0.0726369 0.0572489 0.525701 
-0.0722952 0.0581695 0.537209 
-0.0722952 0.0581695 0.537209 
-0.0722076 0.0597066 0.552399 
-0.0722076 0.0597066 0.552399 
-0.0707671 0.0615706 0.572235 
-0.0707671 0.0615706 0.572235 
-0.0707671 0.0615706 0.572235 
-0.0707671 0.0615706 0.572235 
-0.0697037 0.0628889 0.586116 
-0.0697037 0.0628889 0.586116 
-0.0697037 0.0628889 0.586116 
-0.0681927 0.064647 0.601687 
-0.066267 0.0661639 0.620934 
-0.066267 0.0661639 0.620934 
-0.066267 0.0661639 0.620934 
-0.0649525 0.0678669 0.637379 
-0.0649525 0.0678669 0.637379 
-0.0649525 0.0678669 0.637379 
-0.0637733 0.0691653 0.652578 
-0.0637733 0.0691653 0.652578 
-0.0637733 0.0691653 0.652578 
-0.061319 0.0701432 0.670852 
-0.0587661 0.0710957 0.687101 
-0.0587661 0.0710957 0.687101 
-0.0558192 0.0718344 0.705638 
-0.0558192 0.0718344 0.705638 
-0.0558192 0.0718344 0.705638 
-0.052587 0.0732214 0.724626 
-0.052587 0.0732214 0.724626 
-0.0476686 0.073634 0.750295 
-0.0476686 0.073634 0.750295 
-0.0447411 0.0744298 0.763943 
-0.0439596 0.0753798 0.773172 
-0.0439596 0.0753798 0.773172 
-0.0439596 0.0753798 0.773172 
-0.0418808 0.0770177 0.794139 
-0.0408965 0.0781504 0.810886 
-0.0408965 0.0781504 0.810886 
-0.0408965 0.0781504 0.810886 
-0.0402471 0.0791157 0.822899 
-0.0402471 0.0791157 0.822899 
-0.0382852 0.0799443 0.839782 
-0.0382852 0.0799443 0.839782 
-0.0362387 0.0805901 0.857008 
-0.0362387 0.0805901 0.857008 
-0.0362387 0.0805901 0.857008 
-0.0358575 0.0818812 0.871302 
-0.0358575 0.0818812 0.871302 
-0.0345567 0.0836928 0.892981 
-0.0345567 0.0836928 0.892981 
-0.033384 0.0854283 0.914626 
-0.033384 0.0854283 0.914626 
-0.033384 0.0854283 0.914626 
-0.0331963 0.0866305 0.934315 
-0.0331963 0.0866305 0.934315 
-0.0331555 0.0879562 0.951334 
-0.0331555 0.0879562 0.951334 
-0.0315742 0.0884999 0.972212 
-0.0315742 0.0884999 0.972212 
-0.0283406 0.088691 0.989638 
-0.0283406 0.088691 0.989638 
-0.0261491 0.0881741 1.00016 
-0.0261491 0.0881741 1.00016 
-0.0261491 0.0881741 1.00016 
-0.0261491 0.0881741 1.00016 
-0.0235895 0.0884559 1.01588 
-0.0235895 0.0884559 1.01588 
-0.0210385 0.0888737 1.03619 
-0.0210385 0.0888737 1.03619 
-0.0210385 0.0888737 1.03619 
-0.0196456 0.0897594 1.05178 
-0.0174858 0.0908136 1.06917 
-0.0174858 0.0908136 1.06917 
-0.0152366 0.0912298 1.08677 
-0.0152366 0.0912298 1.08677 
-0.0152366 0.0912298 1.08677 
-0.0152366 0.0912298 1.08677 
-0.0125321 0.0915411 1.10611 
-0.0113033 0.091669 1.11952 
-0.0113033 0.091669 1.11952 
-0.0113033 0.091669 1.11952 
-0.00934628 0.0924674 1.13671 
-0.00504197 0.0923279 1.16367 
-0.00504197 0.0923279 1.16367 
-0.00115834 0.0924331 1.18324 
-0.00115834 0.0924331 1.18324 
-0.00115834 0.0924331 1.18324 
0.00108091 0.0922146 1.19645 
0.00108091 0.0922146 1.19645 
0.00108091 0.0922146 1.19645 
0.00410484 0.0916562 1.2123 
0.00410484 0.0916562 1.2123 
0.00535189 0.09154 1.22771 
0.00535189 0.09154 1.22771 
0.00653651 0.0920907 1.24429 
0.00653651 0.0920907 1.24429 
0.00653651 0.0920907 1.24429 
0.00872091 0.0921323 1.26354 
0.00872091 0.0921323 1.26354 
0.0112728 0.0917962 1.28022 
0.0112728 0.0917962 1.28022 
0.0112728 0.0917962 1.28022 
0.0135261 0.0915823 1.29467 
0.0135261 0.0915823 1.29467 
0.0159639 0.0908099 1.31183 
0.0159639 0.0908099 1.31183 
0.0159639 0.0908099 1.31183 
0.0173071 0.0903304 1.32702 
0.0173071 0.0903304 1.32702 
0.0182856 0.0904156 1.34154 
0.0182856 0.0904156 1.34154 
0.0182856 0.0904156 1.34154 
0.0207914 0.0900978 1.36406 
0.0207914 0.0900978 1.36406 
0.0207914 0.0900978 1.36406 
0.0221105 0.0896837 1.37737 
0.0221105 0.0896837 1.37737 
0.0221105 0.0896837 1.37737 
0.0240412 0.0894381 1.39317 
0.0240412 0.0894381 1.39317 
0.0261142 0.0891841 1.41439 
0.0261142 0.0891841 1.41439 
0.0261142 0.0891841 1.41439 
0.0276366 0.0892728 1.43158 
0.0276366 0.0892728 1.43158 
0.0280005 0.089257 1.44376 
0.0280005 0.089257 1.44376 
0.0280005 0.089257 1.44376 
0.0302947 0.088654 1.46184 
0.0302947 0.088654 1.46184 
0.0329396 0.0872218 1.48135 
0.0329396 0.0872218 1.48135 
0.0329396 0.0872218 1.48135 
0.0373624 0.0849727 1.5041 
0.0373624 0.0849727 1.5041 
0.0373624 0.0849727 1.5041 
0.0415351 0.0824754 1.52606 
0.0415351 0.0824754 1.52606 
0.0415351 0.0824754 1.52606 
0.0434964 0.0810978 1.53541 
0.0434964 0.0810978 1.53541 
0.0441705 0.0813406 1.54789 
0.0441705 0.0813406 1.54789 
0.0441705 0.0813406 1.54789 
0.0459071 0.0808651 1.56942 
0.0459071 0.0808651 1.56942 
0.0466692 0.0809153 1.5861 
0.0466692 0.0809153 1.5861 
0.0466692 0.0809153 1.5861 
0.0464107 0.0813306 1.59448 
0.0464107 0.0813306 1.59448 
0.0464107 0.0813306 1.59448 
0.0484949 0.0810488 1.62011 
0.0484949 0.0810488 1.62011 
0.0484949 0.0810488 1.62011 
0.0504544 0.0807343 1.63854 
0.0504544 0.0807343 1.63854 
0.0510726 0.0807634 1.64719 
0.0510726 0.0807634 1.64719 
0.0510726 0.0807634 1.64719 
0.0534078 0.0795895 1.66314 
0.0534078 0.0795895 1.66314 
0.0553024 0.077768 1.68007 
0.0553024 0.077768 1.68007 
0.0553024 0.077768 1.68007 
0.0557744 0.0774 1.69016 
0.0557744 0.0774 1.69016 
0.0557744 0.0774 1.69016 
0.0557744 0.0774 1.69016 
0.0571151 0.077028 1.70464 
0.0571151 0.077028 1.70464 
0.0584745 0.0755346 1.72176 
0.0584745 0.0755346 1.72176 
0.0602025 0.0753931 1.73485 
0.0602025 0.0753931 1.73485 
0.0612441 0.0744982 1.74546 
0.0612441 0.0744982 1.74546 
0.0612441 0.0744982 1.74546 
0.0632527 0.0732522 1.76175 
0.0632527 0.0732522 1.76175 
0.0632527 0.0732522 1.76175 
0.0649601 0.0725348 1.77819 
0.0649601 0.0725348 1.77819 
0.0649601 0.0725348 1.77819 
0.0659258 0.0720172 1.78639 
0.0659258 0.0720172 1.78639 
0.0660909 0.0713523 1.79688 
0.0660909 0.0713523 1.79688 
0.0660909 0.0713523 1.79688 
0.0686785 0.0700568 1.81571 
0.0686785 0.0700568 1.81571 
0.0695163 0.0686803 1.82602 
0.0695163 0.0686803 1.82602 
0.0695163 0.0686803 1.82602 
0.0704249 0.0684075 1.83688 
0.0704249 0.0684075 1.83688 
0.0704249 0.0684075 1.83688 
0.0724224 0.0673435 1.85393 
0.0724224 0.0673435 1.85393 
0.0733233 0.0662447 1.86783 
0.0733233 0.0662447 1.86783 
0.0733233 0.0662447 1.86783 
0.0748118 0.066579 1.87784 
0.0748118 0.066579 1.87784 
0.0748118 0.066579 1.87784 
0.0761258 0.0661383 1.89308 
0.0761258 0.0661383 1.89308 
0.0761258 0.0661383 1.89308 
0.0761258 0.0661383 1.89308 
0.0775135 0.0655732 1.90849 
0.0775135 0.0655732 1.90849 
0.0784842 0.0655409 1.91766 
0.0784842 0.0655409 1.91766 
0.079834 0.0634738 1.93019 
0.079834 0.0634738 1.93019 
0.079834 0.0634738 1.93019 
0.0824482 0.0608263 1.94699 
0.0824482 0.0608263 1.94699 
0.0824482 0.0608263 1.94699 
0.0849706 0.0586452 1.9597 
0.0849706 0.0586452 1.9597 
0.0849706 0.0586452 1.9597 
0.0874873 0.0561841 1.97669 
0.0874873 0.0561841 1.97669 
0.0900132 0.0545194 1.99241 
0.0900132 0.0545194 1.99241 
0.0900132 0.0545194 1.99241 
0.0912491 0.0541614 1.99925 
0.0912491 0.0541614 1.99925 
0.0912491 0.0541614 1.99925 
0.0914123 0.0540987 2.00879 
0.0914123 0.0540987 2.00879 
0.0923971 0.0524962 2.02128 
0.0923971 0.0524962 2.02128 
0.0923971 0.0524962 2.02128 
0.0922399 0.0511025 2.02824 
0.0922399 0.0511025 2.02824 
0.0922399 0.0511025 2.02824 
0.0932586 0.0493854 2.03824 
0.0932586 0.0493854 2.03824 
0.0938105 0.0476885 2.05033 
0.0938105 0.0476885 2.05033 
0.0938105 0.0476885 2.05033 
0.0945939 0.0474936 2.06123 
0.0945939 0.0474936 2.06123 
0.0945939 0.0474936 2.06123 
0.0953122 0.0473985 2.07203 
0.0953122 0.0473985 2.07203 
0.0953122 0.0473985 2.07203 
0.0965835 0.0465783 2.086 
0.0965835 0.0465783 2.086 
0.0977113 0.0459899 2.09686 
0.0977113 0.0459899 2.09686 
0.0981763 0.0451481 2.10118 
0.0981763 0.0451481 2.10118 
0.0988418 0.0441044 2.11278 
0.0988418 0.0441044 2.11278 
0.0988418 0.0441044 2.11278 
0.0995392 0.0427143 2.12573 
0.0995392 0.0427143 2.12573 
0.0995392 0.0427143 2.12573 
0.0992333 0.0424506 2.13187 
0.0992333 0.0424506 2.13187 
0.0990256 0.0434648 2.14293 
0.0990256 0.0434648 2.14293 
0.0994636 0.0432997 2.15629 
0.0994636 0.0432997 2.15629 
0.0994636 0.0432997 2.15629 
0.0994636 0.0432997 2.15629 
0.0995443 0.042808 2.16504 
0.0995443 0.042808 2.16504 
0.100164 0.0415527 2.17285 
0.100164 0.0415527 2.17285 
0.10051 0.0394409 2.1833 
0.10051 0.0394409 2.1833 
0.100939 0.0387538 2.19384 
0.100939 0.0387538 2.19384 
0.101738 0.0389781 2.20144 
0.101738 0.0389781 2.20144 
0.101738 0.0389781 2.20144 
0.102382 0.0386785 2.20941 
0.102382 0.0386785 2.20941 
0.103907 0.0377125 2.21763 
0.103907 0.0377125 2.21763 
0.104281 0.0368893 2.22301 
0.104281 0.0368893 2.22301 
0.10442 0.0353654 2.23122 
0.10442 0.0353654 2.23122 
0.104835 0.0343094 2.24295 
0.105392 0.0333583 2.24742 
0.105392 0.0333583 2.24742 
0.105392 0.0333583 2.24742 
0.105692 0.0332001 2.25234 
0.105692 0.0332001 2.25234 
0.106742 0.0322674 2.26032 
0.106742 0.0322674 2.26032 
0.106742 0.0322674 2.26032 
0.106822 0.0317066 2.26571 
0.106822 0.0317066 2.26571 
0.10711 0.0315659 2.27019 
0.10711 0.0315659 2.27019 
0.10711 0.0315659 2.27019 
0.107253 0.0305489 2.27697 
0.107253 0.0305489 2.27697 
0.107253 0.0305489 2.27697 
0.107161 0.0300619 2.28212 
0.107161 0.0300619 2.28212 
0.107161 0.0300619 2.28212 
0.107999 0.0295769 2.28754 
0.107999 0.0295769 2.28754 
0.108073 0.0289792 2.29349 
0.108073 0.0289792 2.29349 
0.109105 0.0280645 2.29857 
0.109105 0.0280645 2.29857 
0.109105 0.0280645 2.29857 
0.109168 0.0278235 2.30301 
0.109168 0.0278235 2.30301 
0.109168 0.0278235 2.30301 
0.10886 0.0272418 2.30592 
0.10886 0.0272418 2.30592 
0.10886 0.0272418 2.30592 
0.109025 0.0269953 2.31343 
0.109025 0.0269953 2.31343 
0.109303 0.0265307 2.31868 
0.109303 0.0265307 2.31868 
0.109799 0.0256081 2.32207 
0.109799 0.0256081 2.32207 
0.109799 0.0256081 2.32207 
0.110104 0.0253754 2.32814 
0.110104 0.0253754 2.32814 
0.110104 0.0253754 2.32814 
0.110798 0.0245263 2.33386 
0.110798 0.0245263 2.33386 
0.110798 0.0245263 2.33386 
0.111008 0.0242411 2.33786 
0.111008 0.0242411 2.33786 
0.111326 0.0240109 2.34168 
0.111326 0.0240109 2.34168 
0.111643 0.0234545 2.34654 
0.111643 0.0234545 2.34654 
0.111643 0.0234545 2.34654 
0.112173 0.0230005 2.35109 
0.112173 0.0230005 2.35109 
0.112795 0.0227025 2.35371 
0.112795 0.0227025 2.35371 
0.112795 0.0227025 2.35371 
0.112867 0.0224633 2.35594 
0.112867 0.0224633 2.35594 
0.112867 0.0224633 2.35594 
0.113618 0.0215005 2.35947 
0.113618 0.0215005 2.35947 
0.113161 0.021601 2.36125 
0.113161 0.021601 2.36125 
0.112966 0.0210864 2.36186 
0.112966 0.0210864 2.36186 
0.112966 0.0210864 2.36186 
0.112776 0.021058 2.36758 
0.112776 0.021058 2.36758 
0.112776 0.021058 2.36758 
0.113129 0.0204805 2.36858 
0.113129 0.0204805 2.36858 
0.113264 0.0201282 2.36873 
0.113264 0.0201282 2.36873 
0.113304 0.0203171 2.37026 
0.113304 0.0203171 2.37026 
0.113304 0.0203171 2.37026 
0.113454 0.0202736 2.36977 
0.113454 0.0202736 2.36977 
0.113454 0.0202736 2.36977 
0.11321 0.020536 2.37035 
0.11321 0.020536 2.37035 
0.11321 0.020536 2.37035 
0.11346 0.0202653 2.36998 
0.11346 0.0202653 2.36998 
0.11346 0.0202653 2.36998 
